ace,06-01-2012,c824e608d87147552bbe5d5c929b842e39848d02,10,1,0,0,0,0,0,0,0,0,0,0,0,0,0,0,0,0,0,0,0,0,0,0,0,1,0,0,0,0,0,0,0,0,0,0,0,0,0,0,0,0,0,0,0,0,0,0,0,1,1654,
ace,28-06-2023,bc93f987f929453c4f99b7070ad4cdc394578afb,815,21,0,18,66,24,34,0,0,4,7,2,10,0,4,5,70,0,0,0,0,0,11,0,0,6,0,9,55,12,8,0,0,1,4,2,3,0,4,1,67,0,0,0,0,0,8,0,0,47,60342,
adsbypasser,19-12-2012,ec7ac64a9b5d1461776738083b17be03eef6dce1,1,0,0,0,0,0,0,0,0,0,0,0,0,0,0,0,0,0,0,0,0,0,0,0,0,0,0,0,0,0,0,0,0,0,0,0,0,0,0,0,0,0,0,0,0,0,0,0,0,0,241,
adsbypasser,14-06-2023,b097315967d69ddcdfac48e81ea6663c8b953966,266,402,472,622,12,98,111,14,3,45,0,0,3,12,0,0,51,0,0,0,0,0,2,0,361,245,225,221,3,28,57,14,1,16,0,0,2,8,0,0,23,0,0,0,0,0,1,0,240,6,3660,
arkime,01-08-2012,6bf3fb387ce0d27a6d89f041bb602f75af9b1917,461,104,0,0,0,0,0,0,0,0,0,0,0,0,0,0,0,0,0,0,0,0,0,0,0,6,0,0,0,0,0,0,0,0,0,0,0,0,0,0,0,0,0,0,0,0,0,0,0,0,101018,
arkime,29-06-2023,a20c5a1fca05c38fac6e03d7c03ac7916582df65,220,507,673,3336,82,1882,708,52,0,498,7,0,76,2,230,184,642,99,0,37,0,0,1179,2,273,75,66,145,46,142,75,12,0,81,5,0,33,2,77,22,71,16,0,7,0,0,107,2,29,1,37687,
aws-sdk-js,03-10-2012,9e3cf415d239b107b451238ecf99c6aceb42b25e,0,0,0,0,0,0,0,0,0,0,0,0,0,0,0,0,0,0,0,0,0,0,0,0,0,0,0,0,0,0,0,0,0,0,0,0,0,0,0,0,0,0,0,0,0,0,0,0,0,0,0,
aws-sdk-js,29-06-2023,77d075de04f7927dda220d70bee32e4710a2e185,551,14,5,85,0,37,17,0,0,0,0,0,6,0,10,0,15,0,0,0,0,0,36,4,0,5,3,12,0,7,7,0,0,0,0,0,3,0,4,0,8,0,0,0,0,0,8,2,0,0,33577,
baseframe,01-03-2012,a1b8f0ed95ace38c6a7654f3eb25c588d1c14ed2,18,9,0,0,0,0,0,0,0,0,0,0,0,0,0,0,0,0,0,0,0,0,0,0,0,2,0,0,0,0,0,0,0,0,0,0,0,0,0,0,0,0,0,0,0,0,0,0,0,0,7646,
baseframe,28-06-2023,1bf5a211b1b246896aad4bd00bd7f840441542a1,138,9,0,0,0,0,0,0,0,0,0,0,0,0,0,0,0,0,0,0,0,0,0,0,0,4,0,0,0,0,0,0,0,0,0,0,0,0,0,0,0,0,0,0,0,0,0,0,0,0,80876,
beef,24-01-2012,b9b5bc38408e8a641fb3cd70a165324c6bac5e14,124,24,0,0,0,0,0,0,0,0,0,0,0,0,0,0,0,0,0,0,0,0,0,0,0,4,0,0,0,0,0,0,0,0,0,0,0,0,0,0,0,0,0,0,0,0,0,0,0,73,46022,
beef,17-06-2023,51fdcbe313f9812ef1bbae2318151ddd56550726,384,54,0,1,0,1,6,0,0,0,1,0,0,0,0,0,1,0,0,0,0,0,0,0,0,7,0,1,0,1,1,0,0,0,1,0,0,0,0,0,1,0,0,0,0,0,0,0,0,301,49703,
bookreader,10-01-2012,5ea8a7c70cc169132aa3ebfa7f914a68c0ae748a,15,0,0,0,0,0,0,0,0,0,0,0,0,0,0,0,0,0,0,0,0,0,0,0,0,0,0,0,0,0,0,0,0,0,0,0,0,0,0,0,0,0,0,0,0,0,0,0,0,0,10835,
bookreader,09-06-2023,5881ce393f341d7122bf14fad4d0bc531e2bff4c,172,217,444,1563,63,1263,113,116,5,301,67,2,26,12,68,68,324,6,0,0,0,0,256,1,17,48,44,120,46,111,40,57,2,112,30,1,14,5,23,26,72,4,0,0,0,0,49,1,6,10,17061,
bootstrap,09-01-2012,83c0896999c91f4d85bb75434f4a4ecfaff07fe0,26,0,0,0,0,0,0,0,0,0,0,0,0,0,0,0,0,0,0,0,0,0,0,0,0,0,0,0,0,0,0,0,0,0,0,0,0,0,0,0,0,0,0,0,0,0,0,0,0,0,1978,
bootstrap,27-06-2023,d333d70e52dd8b13d043a0c11ccef9282a27ccd4,79,0,0,2665,22,2253,77,22,0,193,20,0,41,4,15,0,175,0,0,0,1,0,449,5,45,0,0,70,22,66,34,6,0,52,14,0,16,2,11,0,47,0,0,0,1,0,51,3,14,0,11169,
bootswatch,15-02-2012,65a14abe836e54477eb9a898f13d8419d18152da,18,16,0,0,0,0,0,0,0,0,0,0,0,0,0,0,0,0,0,0,0,0,0,0,0,1,0,0,0,0,0,0,0,0,0,0,0,0,0,0,0,0,0,0,0,0,0,0,0,0,12548,
bootswatch,14-06-2023,db4c774b9d6faade5c7aba8d47158b312481fbbb,254,38,0,34,0,12,4,0,0,0,0,0,0,0,0,0,4,0,0,0,0,0,1,0,0,7,0,2,0,2,2,0,0,0,0,0,0,0,0,0,1,0,0,0,0,0,1,0,0,2,44833,
braintree_node,10-01-2012,14ad24e5beca4b9cfcefe551cd2d007eb8fb2173,12,0,0,0,0,0,0,0,0,0,0,0,0,0,0,0,0,0,0,0,0,0,0,0,0,0,0,0,0,0,0,0,0,0,0,0,0,0,0,0,0,0,0,0,0,0,0,0,0,0,792,
braintree_node,31-05-2023,b6fca522f7bac15f8ddf316d43b2d58a0d0f9e78,74,0,0,50,2,924,2274,0,0,0,0,0,0,0,0,0,73,0,0,0,0,0,225,2,10,0,0,16,2,58,59,0,0,0,0,0,0,0,0,0,18,0,0,0,0,0,19,1,5,0,10753,
ccc,09-01-2012,3a9d6a9e1ba42904cb638d24d3a9eb60cfd4ea29,31,11,0,0,0,0,0,0,0,0,0,0,0,0,0,0,0,0,0,0,0,0,0,0,0,3,0,0,0,0,0,0,0,0,0,0,0,0,0,0,0,0,0,0,0,0,0,0,0,0,20016,
ccc,01-05-2023,b235f479d8d3d0fceb4f662c8d2cd356a35b6d68,138,1,0,16,0,6,0,0,0,0,0,0,3,0,0,0,11,0,0,0,0,0,3,0,0,1,0,1,0,1,0,0,0,0,0,0,1,0,0,0,1,0,0,0,0,0,1,0,0,0,9105,
cda,31-01-2012,d62739b5d8a41128551401f9244addf342009f49,15,33,0,0,0,0,0,0,0,0,0,0,0,0,0,0,0,0,0,0,0,0,0,0,0,5,0,0,0,0,0,0,0,0,0,0,0,0,0,0,0,0,0,0,0,0,0,0,0,0,46906,
cda,01-05-2023,07d477314029b3978d5e35d53efa95031e274833,125,2,0,0,0,0,0,0,0,0,0,0,0,0,0,0,0,0,0,0,0,0,0,0,0,2,0,0,0,0,0,0,0,0,0,0,0,0,0,0,0,0,0,0,0,0,0,0,0,0,82760,
cde,27-01-2012,3b19bd13c89dad8d184de5e2b98cb06851305b54,85,10,0,7,0,0,0,0,0,0,0,0,0,0,0,0,0,0,0,0,0,0,0,0,0,4,0,1,0,0,0,0,0,0,0,0,0,0,0,0,0,0,0,0,0,0,0,0,0,1,33922,
cde,01-05-2023,513d7a45d6ebb3a73df47163d3762115d4509294,355,19,0,8,0,0,0,0,0,0,0,0,0,0,0,0,0,0,0,0,0,0,0,0,0,12,0,1,0,0,0,0,0,0,0,0,0,0,0,0,0,0,0,0,0,0,0,0,0,5,99464,
cdf,30-01-2012,79e48aa65eff1d7cacc651fc0ad379e7e179b788,123,13,0,0,0,0,0,0,0,0,0,0,0,0,0,0,0,0,0,0,0,0,0,0,0,4,0,0,0,0,0,0,0,0,0,0,0,0,0,0,0,0,0,0,0,0,0,0,0,1,44914,
cdf,01-05-2023,ac26df45373c3235491c93757681e86a126b548b,380,59,0,14,0,0,2,0,0,0,0,0,0,0,0,0,0,0,0,0,0,0,0,0,0,25,0,2,0,0,2,0,0,0,0,0,0,0,0,0,0,0,0,0,0,0,0,0,0,0,29812,
chrome-extensions-samples,19-07-2012,58eb1f953fd002d59153bae941ef462a3b09d090,155,9,0,7,0,0,0,0,0,0,0,0,0,0,0,0,0,0,0,0,0,0,0,0,0,2,0,3,0,0,0,0,0,0,0,0,0,0,0,0,0,0,0,0,0,0,0,0,0,0,20910,
chrome-extensions-samples,28-06-2023,7e067289c436aa0f7310f4935d6b06a342d5e4b4,655,131,129,418,4,204,329,9,0,14,10,0,7,3,18,2,59,2,0,1,0,0,85,0,1,21,13,43,4,24,30,3,0,6,3,0,4,1,10,2,16,2,0,1,0,0,16,0,1,5,96844,
cht-core,14-01-2012,74a3a16126c30db03eb684b3a9eda45e91987fd5,7,8,0,0,0,0,0,0,0,0,0,0,0,0,0,0,0,0,0,0,0,0,0,0,0,1,0,0,0,0,0,0,0,0,0,0,0,0,0,0,0,0,0,0,0,0,0,0,0,0,2795,
cht-core,29-06-2023,0104632aa772cd4efdeb8588d3a52eca7c6f9fd5,870,1952,7201,13894,12,13605,1021,0,0,0,207,29,421,69,332,16,1438,0,0,0,0,0,2111,40,20,256,248,584,12,530,248,0,0,0,89,14,110,21,173,9,243,0,0,0,0,0,319,12,10,54,61850,
cinnamon,23-01-2012,02002b23720f51d5eaa36eee8a74eb5b8fea67b7,99,0,0,1045,0,0,2640,0,14,0,0,0,0,189,0,0,0,0,0,0,0,0,0,0,0,0,0,85,0,0,82,0,1,0,0,0,0,27,0,0,0,0,0,0,0,0,0,0,0,5,20463,
cinnamon,26-06-2023,ae4523dd7d88b764bcaa0753389be6f91d964e6d,160,0,0,1899,101,685,4467,0,0,0,77,66,102,336,95,11,99,0,0,0,0,0,303,0,17,0,0,111,11,43,105,0,0,0,19,7,17,49,28,5,24,0,0,0,0,0,33,0,8,3,41803,
ckeditor4-docs,21-08-2012,54b9a13ccf446ff8200bc477d7c6a8aba05a888b,0,0,0,0,0,0,0,0,0,0,0,0,0,0,0,0,0,0,0,0,0,0,0,0,0,0,0,0,0,0,0,0,0,0,0,0,0,0,0,0,0,0,0,0,0,0,0,0,0,0,0,
ckeditor4-docs,28-06-2023,f716a768346286c3c1fcd7d7783dc682403010c0,61,12,0,31,0,5,2,0,0,8,0,0,0,0,4,0,4,0,0,0,0,0,11,1,1,3,0,4,0,2,1,0,0,2,0,0,0,0,1,0,2,0,0,0,0,0,3,1,1,1,4518,
client-nodejs,13-07-2012,2a7b63398e86223815ae7f621fe92c3b6734d664,3,0,0,0,0,0,0,0,0,0,0,0,0,0,0,0,0,0,0,0,0,0,0,0,0,0,0,0,0,0,0,0,0,0,0,0,0,0,0,0,0,0,0,0,0,0,0,0,0,0,58,
client-nodejs,13-06-2023,a94a8fbeaf34852bf00e4f708cc9cd414b3a84e0,823,21,23,693,814,33,2845,53,0,2928,3,0,526,0,1,0,25,0,0,0,0,0,1,0,0,5,5,47,814,6,44,52,0,812,1,0,44,0,1,0,3,0,0,0,0,0,1,0,0,0,46728,
cloudcmd,08-05-2012,ed20963fba959828cdb26d469a4292333ed9d5e6,0,0,0,0,0,0,0,0,0,0,0,0,0,0,0,0,0,0,0,0,0,0,0,0,0,0,0,0,0,0,0,0,0,0,0,0,0,0,0,0,0,0,0,0,0,0,0,0,0,0,0,
cloudcmd,17-05-2023,3e18f6be2841ca7d044e7bd53b6242a94ea4057b,167,274,344,3092,0,867,116,0,0,5,30,19,65,107,568,10,305,0,0,0,3,0,1468,21,0,58,57,126,0,125,27,0,0,1,16,8,22,46,98,4,63,0,0,0,2,0,102,2,0,1,8329,
codemirror5,27-01-2012,fe03b8ed6c30440b613a22eef2bf24444019bc12,42,0,0,0,0,0,0,0,0,0,0,0,0,0,0,0,0,0,0,0,0,0,0,0,0,0,0,0,0,0,0,0,0,0,0,0,0,0,0,0,0,0,0,0,0,0,0,0,0,0,7629,
codemirror5,29-06-2023,1e58b28781af0d2a9fc426c744dcdc22c6216dd6,300,13,9,8,16,262,1356,321,0,438,2,0,0,2,4,0,7,0,0,0,0,0,20,0,11,6,1,5,11,38,58,57,0,62,2,0,0,2,3,0,4,0,0,0,0,0,9,0,1,1,46405,
converse.js,25-06-2012,f204be098c8ee84170c516960e44867d6a7a9c49,5,0,0,0,0,0,0,0,0,0,0,0,0,0,0,0,0,0,0,0,0,0,0,0,0,0,0,0,0,0,0,0,0,0,0,0,0,0,0,0,0,0,0,0,0,0,0,0,0,0,755,
converse.js,29-06-2023,c30569dfd3ce493020847be21ea5301a3c0acd7e,468,695,3045,4387,91,2854,512,387,0,1280,51,4,101,30,287,338,2229,39,0,0,0,0,776,0,381,109,109,204,80,206,87,83,0,171,18,4,23,5,107,81,183,16,0,0,0,0,121,0,33,48,24152,
cordova-android,04-01-2012,e96ae9180034fc2c3b81276dfa444a5abaa3710e,17,0,0,0,0,0,0,0,0,0,0,0,0,0,0,0,0,0,0,0,0,0,0,0,0,0,0,0,0,0,0,0,0,0,0,0,0,0,0,0,0,0,0,0,0,0,0,0,0,0,1745,
cordova-android,19-05-2023,94234d988ec2f2eb14ebf551e97ef7d9b5b11ec9,32,36,23,398,1,483,96,0,0,0,0,1,4,1,6,0,25,0,0,0,0,0,16,0,0,5,4,21,1,18,15,0,0,0,0,1,2,1,4,0,7,0,0,0,0,0,4,0,0,0,2637,
cytoscape.js,06-01-2012,a61da44fe16f3fb6e29f9aa62d014bc02b84ac73,28,35,0,0,0,0,0,0,0,0,0,0,0,0,0,0,0,0,0,0,0,0,0,0,0,5,0,0,0,0,0,0,0,0,0,0,0,0,0,0,0,0,0,0,0,0,0,0,0,0,19481,
cytoscape.js,27-06-2023,a653d1b073bf65f24ae69db5927fc88492f34293,291,1,0,424,3,431,3978,185,0,389,54,0,27,1,49,0,16,0,0,0,0,0,229,2,5,1,0,55,3,63,107,18,0,98,14,0,4,1,22,0,8,0,0,0,0,0,35,2,3,2,38239,
dagre,24-10-2012,8ed9e48d45ee1fef0eca68e430e0523a404c7950,16,0,0,0,0,0,0,0,0,0,0,0,0,0,0,0,0,0,0,0,0,0,0,0,0,0,0,0,0,0,0,0,0,0,0,0,0,0,0,0,0,0,0,0,0,0,0,0,0,2,1139,
dagre,28-06-2023,bd2a02a79ab4da85b44631e6cc41e2704af01343,34,0,0,11,0,36,0,0,0,0,0,0,0,0,0,0,0,0,0,0,0,0,0,0,0,0,0,4,0,9,0,0,0,0,0,0,0,0,0,0,0,0,0,0,0,0,0,0,0,0,2389,
dash.js,12-11-2012,54955a4d1e7489f7a657a53001a47b557a873516,0,0,0,0,0,0,0,0,0,0,0,0,0,0,0,0,0,0,0,0,0,0,0,0,0,0,0,0,0,0,0,0,0,0,0,0,0,0,0,0,0,0,0,0,0,0,0,0,0,0,0,
dash.js,21-06-2023,0274eedb42066280619402e6d151cb017965cc01,456,53,93,4626,133,1266,2750,21,0,1363,64,6,9,3,29,0,118,0,0,0,0,0,1485,155,31,21,20,290,123,173,283,12,0,289,25,1,5,2,15,0,40,0,0,0,0,0,135,8,6,0,48871,
data,26-01-2012,f7fc29015d717c4077c086ec4ed448b76ddfe839,5,14,0,0,0,0,0,0,0,0,0,0,0,0,0,0,0,0,0,0,0,0,0,0,0,2,0,0,0,0,0,0,0,0,0,0,0,0,0,0,0,0,0,0,0,0,0,0,0,0,6838,
data,29-06-2023,2429ab668443f2aafc3ec2ad1136713a3b431363,302,458,475,890,120,462,1352,15,0,704,18,2,27,3,68,0,234,0,0,0,0,0,271,2,132,77,61,92,33,69,90,9,0,107,7,2,13,2,23,0,35,0,0,0,0,0,41,1,31,67,10081,
datamonkey-js,28-12-2012,4c8de75b55d75f103d84290edf8be56cb7e28358,9,0,0,0,0,0,0,0,0,0,0,0,0,0,0,0,0,0,0,0,0,0,0,0,0,0,0,0,0,0,0,0,0,0,0,0,0,0,0,0,0,0,0,0,0,0,0,0,0,0,270,
datamonkey-js,24-03-2023,52846a4ad8cb4c78527518c16e806f87343b18a5,94,54,95,122,0,191,75,0,0,0,0,0,0,0,10,0,6,0,0,0,0,0,45,0,0,11,11,24,0,22,18,0,0,0,0,0,0,0,10,0,3,0,0,0,0,0,11,0,0,1,16804,
docs,05-01-2012,caad559da926e626ce874e365ece6790f72a5bdd,0,0,0,0,0,0,0,0,0,0,0,0,0,0,0,0,0,0,0,0,0,0,0,0,0,0,0,0,0,0,0,0,0,0,0,0,0,0,0,0,0,0,0,0,0,0,0,0,0,0,0,
docs,28-06-2023,79041cf37ad29c8664f32c2e33d7add97310010c,301,308,907,1802,443,287,177,7,0,302,0,0,4,0,1,0,179,0,0,0,1,0,81,1,2,126,120,141,77,37,52,3,0,142,0,0,3,0,1,0,30,0,0,0,1,0,8,1,1,28,94960,
duckietv,23-11-2012,adcc120adc8915720643ff0a2c7bebad024734d9,9,0,0,0,0,0,0,0,0,0,0,0,0,0,0,0,0,0,0,0,0,0,0,0,0,0,0,0,0,0,0,0,0,0,0,0,0,0,0,0,0,0,0,0,0,0,0,0,0,0,418,
duckietv,31-05-2023,50fee8057c4ced5c83038db470e1f0ba73272036,204,19,35,30,1,7,1,0,0,0,2,0,0,0,0,6,5,0,0,0,0,0,1,1,0,7,6,4,1,5,1,0,0,0,2,0,0,0,0,2,3,0,0,0,0,0,1,1,0,0,11030,
dwv,15-02-2012,e66faee703b6ddf2066a178b68e19bec79c9c07a,28,8,0,0,0,0,0,0,0,0,0,0,0,0,0,0,0,0,0,0,0,0,0,0,0,1,0,0,0,0,0,0,0,0,0,0,0,0,0,0,0,0,0,0,0,0,0,0,0,0,9213,
dwv,29-06-2023,ce0092c6761128faeb5955f9ecf67f322a9f007e,173,4,0,3409,104,182,1140,266,0,569,0,0,0,0,3,0,0,0,0,395,0,0,27,0,2,3,0,139,75,39,109,95,0,107,0,0,0,0,3,0,0,0,0,63,0,0,5,0,2,0,26286,
dygraphs,07-01-2012,ef13835bfedd532f7948483ed199c58a8f1b9a54,128,0,0,0,0,0,0,0,0,0,0,0,0,0,0,0,0,0,0,0,0,0,0,0,0,0,0,0,0,0,0,0,0,0,0,0,0,0,0,0,0,0,0,0,0,0,0,0,0,1,13880,
dygraphs,19-04-2023,3a3f81fcfa6500123770c4b746afed4ea160c42e,150,0,0,120,0,43,20,65,0,200,0,0,0,3,4,0,7,0,0,0,0,0,25,0,0,0,0,16,0,8,6,4,0,73,0,0,0,2,3,0,2,0,0,0,0,0,7,0,0,0,15866,
edirom-online,24-10-2012,94e63861f6588930c3245acee9903f672fb07b8d,567,23,0,5,0,0,0,0,0,0,0,0,0,0,0,0,0,0,0,0,0,0,0,0,0,6,0,1,0,0,0,0,0,0,0,0,0,0,0,0,0,0,0,0,0,0,0,0,0,0,131311,
edirom-online,28-06-2023,2080be643264a0d5240b1d6f5d30dcf7196e2fd2,737,160,0,7,0,3,0,0,0,0,0,0,0,0,0,0,0,0,0,0,0,0,1,0,0,22,0,1,0,1,0,0,0,0,0,0,0,0,0,0,0,0,0,0,0,0,1,0,0,5,899918,
editor,14-02-2012,40a1c601c355565c776fee8b1305e8a428b4009d,1,0,0,0,0,0,0,0,0,0,0,0,0,0,0,0,0,0,0,0,0,0,0,0,0,0,0,0,0,0,0,0,0,0,0,0,0,0,0,0,0,0,0,0,0,0,0,0,0,0,8,
editor,22-06-2023,c2ad90341696afd23b3d3160d961f85f2df1874d,185,26,12,21,0,22,8,0,0,0,0,0,0,0,0,0,2,0,0,0,0,0,3,0,22,7,2,4,0,4,3,0,0,0,0,0,0,0,0,0,2,0,0,0,0,0,1,0,1,1,49946,
elfinder,19-01-2012,53b8fe268d0e3737fcb63b448baf5fde0196f94c,71,9,0,0,0,0,0,0,0,0,0,0,0,0,0,0,0,0,0,0,0,0,0,0,0,2,0,0,0,0,0,0,0,0,0,0,0,0,0,0,0,0,0,0,0,0,0,0,0,0,12443,
elfinder,18-06-2023,98d48fa9877a1905a0c36b8fda908b7193614b9c,134,30,0,0,0,0,2,0,0,0,0,0,0,0,0,0,0,0,0,0,0,0,0,0,0,7,0,0,0,0,1,0,0,0,0,0,0,0,0,0,0,0,0,0,0,0,0,0,0,10,41313,
ember.js,23-01-2012,31a87cd7d79ac20b8c1146452519bff436cf2f7d,5,14,0,0,0,0,0,0,0,0,0,0,0,0,0,0,0,0,0,0,0,0,0,0,0,2,0,0,0,0,0,0,0,0,0,0,0,0,0,0,0,0,0,0,0,0,0,0,0,0,6838,
ember.js,29-06-2023,386dcc2a2692a1c8534a36e6e7a5142ab5f4465a,221,17,24,417,15,387,234,39,0,160,9,1,17,0,25,0,75,0,0,0,0,0,100,0,79,7,7,64,15,39,40,24,0,38,2,1,6,0,10,0,21,0,0,0,0,0,17,0,10,25,4118,
encoded,12-12-2012,04d447778763dd828d4a8b1a59f969eaadd79419,8,0,0,0,0,0,0,0,0,0,0,0,0,0,0,0,0,0,0,0,0,0,0,0,0,0,0,0,0,0,0,0,0,0,0,0,0,0,0,0,0,0,0,0,0,0,0,0,0,0,64,
encoded,14-06-2023,ef8d7797b6e7435e39d64768c37ea27a919fa780,297,2,2,465,24,414,61,202,0,159,12,0,50,2,11,5,41,4,0,0,0,0,82,0,0,1,1,53,20,46,14,27,0,53,9,0,15,2,2,4,19,1,0,0,0,0,9,0,0,158,2318,
ezpaarse,12-12-2012,484bf5cbb05c573b2ef3a16cb28d75932309ea35,0,0,0,0,0,0,0,0,0,0,0,0,0,0,0,0,0,0,0,0,0,0,0,0,0,0,0,0,0,0,0,0,0,0,0,0,0,0,0,0,0,0,0,0,0,0,0,0,0,0,0,
ezpaarse,27-06-2023,b4701efb174dbfc7d530235a07b3731f9bf49c30,74,22,31,409,0,236,41,0,0,18,0,0,3,0,27,13,48,0,0,0,0,0,155,0,111,9,8,37,0,30,9,0,0,6,0,0,3,0,17,3,14,0,0,0,0,0,22,0,6,0,4751,
fabric.js,15-01-2012,1c8b5c122dd52215b005559923e3d26e4626515b,38,4,0,0,0,0,0,0,0,0,0,0,0,0,0,0,0,0,0,0,0,0,0,0,0,3,0,0,0,0,0,0,0,0,0,0,0,0,0,0,0,0,0,0,0,0,0,0,0,0,4282,
fabric.js,19-06-2023,a572ba19afc8ac463af72bd5eff293dcc0c00bed,69,326,70,312,14,287,32,0,0,4,20,0,108,3,15,6,90,0,0,0,0,0,177,21,31,33,11,38,5,43,14,0,0,2,8,0,23,1,10,3,20,0,0,0,0,0,29,4,8,0,16302,
factoid,27-04-2012,cfd51872213108535a0db0041d37f2eecdb77f74,70,11,0,0,0,0,0,0,0,0,0,0,0,0,0,0,0,0,0,0,0,0,0,0,0,4,0,0,0,0,0,0,0,0,0,0,0,0,0,0,0,0,0,0,0,0,0,0,0,0,24633,
factoid,28-06-2023,efef1d34ce511145a60f67e34c22eb0228242b65,170,131,426,1575,80,2063,1718,226,1,736,79,13,41,3,222,0,312,0,0,3,0,0,1041,7,10,21,20,97,69,111,99,58,1,127,33,8,16,2,55,0,55,0,0,1,0,0,78,2,8,1,13025,
flot,20-02-2012,46e1221f174440a7465bff778e1a173838a96305,16,8,0,0,0,0,0,0,0,0,0,0,0,0,0,0,0,0,0,0,0,0,0,0,0,1,0,0,0,0,0,0,0,0,0,0,0,0,0,0,0,0,0,0,0,0,0,0,0,0,10316,
flot,20-01-2023,2af356c98a898e918f46f71f20ebc2916f20865f,60,17,0,24,0,9,7,0,0,0,0,0,0,0,0,0,0,0,0,0,0,0,0,0,0,2,0,6,0,4,4,0,0,0,0,0,0,0,0,0,0,0,0,0,0,0,0,0,0,1,18110,
gfw,18-05-2012,80dc452272dd40db99ab3f7b4fb2f3303b1cee8b,3,0,0,0,0,0,0,0,0,0,0,0,0,0,0,0,0,0,0,0,0,0,0,0,0,0,0,0,0,0,0,0,0,0,0,0,0,0,0,0,0,0,0,0,0,0,0,0,0,0,5,
gfw,29-06-2023,bd79490c1a0a8e6cfb0b5f60809bcc58d2580a1a,621,41,28,4254,30,2953,302,1038,0,2055,48,9,993,9,537,504,521,0,0,0,0,0,2488,146,13,18,12,82,4,78,29,71,0,73,18,4,33,5,25,28,55,0,0,0,0,0,45,9,4,40,12632,
habitica,23-02-2012,4d97029ab9899c2d047d2411112013b004aab6b2,1,0,0,0,0,0,0,0,0,0,0,0,0,0,0,0,0,0,0,0,0,0,0,0,0,0,0,0,0,0,0,0,0,0,0,0,0,0,0,0,0,0,0,0,0,0,0,0,0,0,0,
habitica,29-06-2023,519da49886b2aeca55dc251b3d54c25fcd9d6d43,945,2883,5498,6623,18,5795,2335,500,0,2460,128,3,266,112,494,6,2483,0,0,0,0,0,1768,85,525,394,381,601,12,499,515,192,0,609,70,3,58,43,128,2,391,0,0,0,0,0,224,32,100,8,45270,
handlebars.js,17-01-2012,58e2c2410fbac8906ecdc8bd3ef58886394799ed,3,0,0,0,0,0,0,0,0,0,0,0,0,0,0,0,0,0,0,0,0,0,0,0,0,0,0,0,0,0,0,0,0,0,0,0,0,0,0,0,0,0,0,0,0,0,0,0,0,0,783,
handlebars.js,16-05-2023,b4a54ad86ed73130ac9a7663d2fb66accb360736,99,37,50,87,0,28,1,0,0,21,0,1,3,0,7,0,13,0,0,0,0,0,19,0,5,9,5,20,0,9,1,0,0,11,0,1,1,0,6,0,7,0,0,0,0,0,9,0,1,1,3525,
handsontable,03-04-2012,dc8e7434e0993e9cb37c48a5b0d0c578259bfc5f,1,0,0,0,0,0,0,0,0,0,0,0,0,0,0,0,0,0,0,0,0,0,0,0,0,0,0,0,0,0,0,0,0,0,0,0,0,0,0,0,0,0,0,0,0,0,0,0,0,0,581,
handsontable,28-06-2023,9c268d880e0a06092a68aa8115202876261092d7,2199,1840,3566,19202,215,15989,2745,1351,0,2295,355,277,535,130,760,315,2691,58,0,53,0,0,2565,1420,835,94,85,767,165,636,300,240,0,466,104,59,117,43,141,32,420,26,0,15,0,0,275,28,171,66,134357,
haraka,08-01-2012,5752683dfacc25fc4c025d48123fc6f2de40581f,60,0,0,0,0,0,0,0,0,0,0,0,0,0,0,0,0,0,0,0,0,0,0,0,0,0,0,0,0,0,0,0,0,0,0,0,0,0,0,0,0,0,0,0,0,0,0,0,0,0,6179,
haraka,21-06-2023,aa15067468ebbfe026fbcd69cc3feca5ddbb4b33,126,23,4,1668,19,1008,323,0,0,0,9,3,4,5,64,102,819,7,0,0,0,0,175,0,477,9,2,75,15,77,59,0,0,0,7,1,2,2,34,43,65,5,0,0,0,0,50,0,32,1,16726,
hexo,04-10-2012,b1f96965899212c87ce11b6cdbb5f48998e15ea0,1,0,0,0,0,0,0,0,0,0,0,0,0,0,0,0,0,0,0,0,0,0,0,0,0,0,0,0,0,0,0,0,0,0,0,0,0,0,0,0,0,0,0,0,0,0,0,0,0,0,1,
hexo,21-06-2023,981560f51dcb6b480fd8c10e3554c3c1b1422076,133,512,1108,2330,0,1823,72,0,0,0,1,5,9,0,150,0,51,0,0,0,0,0,352,2,11,50,49,105,0,104,31,0,0,0,1,2,3,0,51,0,8,0,0,0,0,0,57,1,9,0,8625,
highlight.js,21-01-2012,2621a44f309b747ae544f3c38442f79af80c282c,42,0,0,0,0,0,0,0,0,0,0,0,0,0,0,0,0,0,0,0,0,0,0,0,0,0,0,0,0,0,0,0,0,0,0,0,0,0,0,0,0,0,0,0,0,0,0,0,0,0,705,
highlight.js,28-06-2023,9467c5c6af61b73b5035686fd1ed0c2c1fbfdb9e,239,22,28,1932,3,234,52,1,0,29,10,0,119,3,14,3,96,0,0,0,0,0,87,0,0,5,5,195,2,49,11,1,0,17,5,0,31,2,7,1,29,0,0,0,0,0,17,0,0,1,3831,
i18next,02-01-2012,c48366bf5e03d7abf8008234488da09fa34a70c6,7,19,0,0,0,0,0,0,0,0,0,0,0,0,0,0,0,0,0,0,0,0,0,0,0,2,0,0,0,0,0,0,0,0,0,0,0,0,0,0,0,0,0,0,0,0,0,0,0,0,3731,
i18next,29-06-2023,6d3efc02e2c516bd2bc8361d2cd3da0c5d781999,74,10,0,660,33,962,310,34,0,178,39,17,169,3,16,0,162,0,0,0,0,0,145,2,26,3,0,55,14,64,32,5,0,57,12,5,10,3,6,0,21,0,0,0,0,0,15,1,6,2,7675,
id,23-07-2012,4a679b779fcb00dbb49cda9e6609e43e0c267f00,35,0,0,0,0,0,0,0,0,0,0,0,0,0,0,0,0,0,0,0,0,0,0,0,0,0,0,0,0,0,0,0,0,0,0,0,0,0,0,0,0,0,0,0,0,0,0,0,0,0,2292,
id,26-06-2023,b1121b11753cfe8919e5665df315060d2ec04139,484,4,7,1129,3,943,773,862,0,1789,3,0,13,10,11,0,215,0,0,0,0,0,62,1,39,1,1,82,3,109,69,294,0,271,2,0,8,5,6,0,48,0,0,0,0,0,11,1,5,1,57050,
iframely,02-03-2012,ced5f0d4a9bc548fc6ccd6ea5094d10c7a661c33,10,0,0,3,0,0,0,0,0,0,0,0,0,0,0,0,0,0,0,0,0,0,0,0,0,0,0,1,0,0,0,0,0,0,0,0,0,0,0,0,0,0,0,0,0,0,0,0,0,0,941,
iframely,28-06-2023,a0addc90d3d766c62d66ed07b0bef66b0dbcc9a1,273,24,2,37,0,6,12,20,0,116,0,0,14,0,0,8,36,0,0,0,0,0,0,0,0,6,2,22,0,4,3,4,0,59,0,0,7,0,0,6,24,0,0,0,0,0,0,0,0,3,7243,
inaturalist,27-01-2012,601f97b7119cb2a82e68d8e6a4bfde6f88f4dc3a,82,29,0,0,0,0,0,0,0,0,0,0,0,0,0,0,0,0,0,0,0,0,0,0,0,4,0,0,0,0,0,0,0,0,0,0,0,0,0,0,0,0,0,0,0,0,0,0,0,1,42571,
inaturalist,29-06-2023,4413431e4b40c6014d1da3c17001b3fb55ea93ff,410,20,2,1279,2,1262,127,404,0,733,107,3,96,0,138,0,113,0,0,0,0,0,455,35,0,7,1,190,2,158,43,63,0,167,65,2,31,0,34,0,32,0,0,0,0,0,76,12,0,35,79984,
inputmask,23-01-2012,ace3ae72453cd2ab6f7fefdd44e1ec93b21835ea,2,0,0,0,0,0,0,0,0,0,0,0,0,0,0,0,0,0,0,0,0,0,0,0,0,0,0,0,0,0,0,0,0,0,0,0,0,0,0,0,0,0,0,0,0,0,0,0,0,0,711,
inputmask,22-06-2023,eb607c486e1fba2b488c65d81815e7244c568695,75,158,0,4,0,6,3,2,0,55,1,0,1,0,1,0,4,0,0,0,0,0,9,0,0,15,0,3,0,3,2,2,0,20,1,0,1,0,1,0,1,0,0,0,0,0,2,0,0,40,5407,
jagger,07-09-2012,5f3c8f0fd4973bf9916c6604051b72e9c65a97e7,47,8,0,0,0,0,0,0,0,0,0,0,0,0,0,0,0,0,0,0,0,0,0,0,0,1,0,0,0,0,0,0,0,0,0,0,0,0,0,0,0,0,0,0,0,0,0,0,0,0,12493,
jagger,31-05-2023,320e5004eacb242b526d89a6dc20f98ae6551e2d,49,12,0,0,0,0,0,0,0,0,0,0,0,0,0,0,0,0,0,0,0,0,0,0,0,2,0,0,0,0,0,0,0,0,0,0,0,0,0,0,0,0,0,0,0,0,0,0,0,0,11871,
jasmine,04-01-2012,551464b8d2ce3eaa6514671b788164df1dfb6ff9,53,0,0,0,0,0,0,0,0,0,0,0,0,0,0,0,0,0,0,0,0,0,0,0,0,0,0,0,0,0,0,0,0,0,0,0,0,0,0,0,0,0,0,0,0,0,0,0,0,0,9782,
jasmine,09-06-2023,b617d983de12576c98e93bc741fea34f61ec07fb,235,252,257,2967,8,176,357,0,1,0,3,0,25,0,5,0,13,0,0,0,0,0,110,5,13,22,18,191,8,30,96,0,1,0,3,0,6,0,3,0,9,0,0,0,0,0,22,2,4,0,18825,
joi,08-10-2012,513cb7816ee87a9156428797def4c6e5fe1c92f8,9,0,0,0,0,0,0,0,0,0,0,0,0,0,0,0,0,0,0,0,0,0,0,0,0,0,0,0,0,0,0,0,0,0,0,0,0,0,0,0,0,0,0,0,0,0,0,0,0,0,287,
joi,29-06-2023,7ec515505fd2b57ed4025530ed207afbb4fed371,32,56,67,2454,0,2389,27,0,0,0,2,6,14,2,65,0,21,0,0,0,0,0,339,21,85,4,4,31,0,28,9,0,0,0,1,2,8,2,28,0,7,0,0,0,0,0,28,3,6,0,7555,
joint,30-03-2012,542dd3ac1aafc4c8ea398ebe37f40ca954444416,126,8,0,0,0,0,0,0,0,0,0,0,0,0,0,0,0,0,0,0,0,0,0,0,0,1,0,0,0,0,0,0,0,0,0,0,0,0,0,0,0,0,0,0,0,0,0,0,0,1,11913,
joint,23-06-2023,fdeffa4c22e85f39a76f37c1cc345cf7ccc7623d,280,92,5,909,13,162,157,15,0,32,9,1,59,26,73,0,306,0,0,0,0,0,245,1,22,30,2,53,4,38,23,3,0,8,4,1,10,6,15,0,22,0,0,0,0,0,20,1,5,1,29874,
jqgrid,13-01-2012,36ae4008fbf4d4d47d7993c28d523c5f356e4f20,64,10,0,0,0,0,0,0,0,0,0,0,0,0,0,0,0,0,0,0,0,0,0,0,0,4,0,0,0,0,0,0,0,0,0,0,0,0,0,0,0,0,0,0,0,0,0,0,0,1,18400,
jqgrid,26-06-2023,548fda26a3fc678486dde07f4dbf238184a03a2d,141,24,8,72,0,92,66,0,0,0,0,0,32,0,0,0,0,0,0,0,0,0,36,0,0,5,3,4,0,4,4,0,0,0,0,0,3,0,0,0,0,0,0,0,0,0,3,0,0,1,62306,
jquery,22-01-2012,1326510324380aaab162331b2d271a986a634c48,49,17,0,0,0,0,0,0,0,0,0,0,0,0,0,0,0,0,0,0,0,0,0,0,0,6,0,0,0,0,0,0,0,0,0,0,0,0,0,0,0,0,0,0,0,0,0,0,0,3,17387,
jquery,27-06-2023,620870a1af5287d29c77ec6d5f973116b23793a7,187,135,0,32,0,7,2,3,0,409,0,1,1,0,8,0,2,0,0,0,0,0,8,0,0,22,0,7,0,4,2,3,0,96,0,1,1,0,4,0,1,0,0,0,0,0,4,0,0,2,25963,
jquery.ime,18-10-2012,2afba55eeb2a7ce1ccc83e1bba36743fccec6ba3,57,0,0,0,0,0,0,0,0,0,0,0,0,0,0,0,0,0,0,0,0,0,0,0,0,0,0,0,0,0,0,0,0,0,0,0,0,0,0,0,0,0,0,0,0,0,0,0,0,0,650,
jquery.ime,12-06-2023,5943600f153f8ab11d217984c31fdc31b486f59a,245,4,0,0,0,0,0,0,0,0,0,0,0,0,0,0,0,0,0,0,0,0,0,0,0,1,0,0,0,0,0,0,0,0,0,0,0,0,0,0,0,0,0,0,0,0,0,0,0,0,2184,
js-beautify,28-01-2012,15968ac5daeac7c8ff64a07ceb9222eb8668511f,17,7,0,0,0,0,0,0,0,0,0,0,0,0,0,0,0,0,0,0,0,0,0,0,0,1,0,0,0,0,0,0,0,0,0,0,0,0,0,0,0,0,0,0,0,0,0,0,0,1,6694,
js-beautify,23-06-2023,019aeb9c0b650952cd088aec7cdfcc3eb3e5d884,60,3,0,0,0,0,0,0,0,0,0,0,0,0,0,0,0,0,0,0,0,0,0,0,0,2,0,0,0,0,0,0,0,0,0,0,0,0,0,0,0,0,0,0,0,0,0,0,0,2,13908,
jsdoc,05-01-2012,9311f138c0b3808ffca9dcae20497543550d07e1,208,0,0,2,0,0,0,0,0,0,0,0,0,6,1,0,0,0,0,0,0,0,1,0,0,0,0,2,0,0,0,0,0,0,0,0,0,3,1,0,0,0,0,0,0,0,1,0,0,3,3467,
jsdoc,04-06-2023,d14133639420d82777b8eda2f600d60bc0363eb8,1,5,5,16,0,11,0,7,0,4,0,0,1,0,0,0,4,0,0,0,0,0,0,0,0,1,1,1,0,1,0,1,0,1,0,0,1,0,0,0,1,0,0,0,0,0,0,0,0,0,40,
jsxgraph,10-01-2012,129e487bce55fd7fa7242c5abd7cfbbdf17fe307,108,17,0,0,0,0,0,0,0,0,0,0,0,0,0,0,0,0,0,0,0,0,0,0,0,2,0,0,0,0,0,0,0,0,0,0,0,0,0,0,0,0,0,0,0,0,0,0,0,6,106129,
jsxgraph,23-06-2023,ceec1f299cd22e7ab3e046182d638665268c23f7,180,17,0,148,0,10,0,202,0,481,0,0,4,0,0,0,0,7,0,0,0,0,2,0,1,4,0,6,0,2,0,2,0,87,0,0,3,0,0,0,0,1,0,0,0,0,1,0,1,2,71138,
katello,18-01-2012,9b58a3090a943d646b6d2aadfe8c30a5e395883c,266,32,0,0,0,0,0,0,0,0,0,0,0,0,0,0,0,0,0,0,0,0,0,0,0,6,0,0,0,0,0,0,0,0,0,0,0,0,0,0,0,0,0,0,0,0,0,0,0,1,65959,
katello,29-06-2023,79ad3adf14ed97a9bd3eaa13191cfc2dadab24ff,1142,91,74,1474,5,1162,12,952,0,705,87,1,158,13,70,37,223,19,0,0,0,0,573,37,0,28,25,217,2,171,5,134,0,180,44,1,43,6,34,14,50,8,0,0,0,0,76,11,0,348,20939,
leaflet,02-02-2012,f54450f893f155b86dd4eb2dd6d307ebcd93b646,88,2,0,0,0,0,0,0,0,0,0,0,0,0,0,0,0,0,0,0,0,0,0,0,0,1,0,0,0,0,0,0,0,0,0,0,0,0,0,0,0,0,0,0,0,0,0,0,0,0,3511,
leaflet,28-06-2023,83513eda9a7a7be78e96ccdf7c5dae3a3ba0611d,147,0,0,1901,1,1876,257,234,0,392,3,6,24,0,1,0,125,3,0,0,0,0,59,0,733,0,0,116,1,63,76,73,0,119,2,4,9,0,1,0,39,3,0,0,0,0,21,0,67,0,15133,
learngitbranching,20-08-2012,78d0aa5b5578452f140c4aa0ca072cd2a7c0f5b4,20,0,0,0,0,0,0,0,0,0,0,0,0,0,0,0,0,0,0,0,0,0,0,0,0,0,0,0,0,0,0,0,0,0,0,0,0,0,0,0,0,0,0,0,0,0,0,0,0,0,2668,
learngitbranching,24-06-2023,82d5dfc7da6bead6d990b93aabb254c5e0f8c012,112,0,0,17,0,11,0,0,0,0,1,0,3,0,13,0,0,0,0,0,0,0,31,0,0,0,0,5,0,5,0,0,0,0,1,0,2,0,5,0,0,0,0,0,0,0,5,0,0,0,8420,
less.js,01-02-2012,0f1527c12d9c5505260f6eb8be8c4a005fbc520e,2,0,0,0,0,0,0,0,0,0,0,0,0,0,0,0,0,0,0,0,0,0,0,0,0,0,0,0,0,0,0,0,0,0,0,0,0,0,0,0,0,0,0,0,0,0,0,0,0,0,82,
less.js,08-04-2023,4d3189c05175dfd8aab505ec19c7f5724f145295,0,0,0,0,0,0,0,0,0,0,0,0,0,0,0,0,0,0,0,0,0,0,0,0,0,0,0,0,0,0,0,0,0,0,0,0,0,0,0,0,0,0,0,0,0,0,0,0,0,0,0,
log4js-node,13-01-2012,9bad070b8a81e17a2446caea9df8653aba07531e,18,0,0,0,0,0,0,0,0,0,0,0,0,0,0,0,0,0,0,0,0,0,0,0,0,0,0,0,0,0,0,0,0,0,0,0,0,0,0,0,0,0,0,0,0,0,0,0,0,0,1086,
log4js-node,20-05-2023,4dc786eaeb1fb8959450961eb72fafc7a8ac9450,68,45,79,873,7,733,48,0,0,0,1,2,7,0,67,0,93,0,0,0,0,0,111,0,67,9,6,65,4,48,24,0,0,0,1,2,2,0,38,0,18,0,0,0,0,0,38,0,17,2,4227,
mailvelope,07-09-2012,91f21ba60639a830986325c0f1cbd3116e871ae9,16,0,0,0,0,0,0,0,0,0,0,0,0,0,0,0,0,0,0,0,0,0,0,0,0,0,0,0,0,0,0,0,0,0,0,0,0,0,0,0,0,0,0,0,0,0,0,0,0,0,1909,
mailvelope,19-04-2023,4c83b5e14cd155e7d34739df081abb8ceea0e898,206,392,690,1330,62,895,256,232,0,531,30,0,81,17,106,4,209,4,0,0,0,0,1128,9,36,69,68,109,46,93,77,71,0,102,19,0,30,9,35,3,58,3,0,0,0,0,80,6,15,84,10585,
mediaelement,04-01-2012,acc2a754e248cf636bd7e2685ac9237615af373e,27,0,0,0,0,0,0,0,0,0,0,0,0,0,0,0,0,0,0,0,0,0,2,0,0,0,0,0,0,0,0,0,0,0,0,0,0,0,0,0,0,0,0,0,0,0,2,0,0,0,4346,
mediaelement,28-03-2023,0dec971df57f9c3d632a7c650f25d2166d7b484f,64,1,0,578,4,661,221,62,1,135,18,25,0,0,0,0,454,0,0,0,0,0,13,0,52,1,0,33,4,30,28,11,1,27,8,4,0,0,0,0,24,0,0,0,0,0,1,0,13,0,7693,
mediawiki-extensions-mobilefrontend,16-01-2012,be3e6e061f242d90e7e590c7d6425fed9e89f8fc,6,8,0,0,0,0,0,0,0,0,0,0,0,0,0,0,0,0,0,0,0,0,0,0,0,1,0,0,0,0,0,0,0,0,0,0,0,0,0,0,0,0,0,0,0,0,0,0,0,0,3458,
mediawiki-extensions-mobilefrontend,28-06-2023,bcf0d0c467014d37a3eea392a90580608e3c7309,149,14,0,426,7,79,71,0,0,6,7,1,1,1,2,0,62,0,0,0,0,0,32,8,0,9,0,86,7,31,50,0,0,1,3,1,1,1,2,0,32,0,0,0,0,0,20,1,0,0,5603,
mediawiki-extensions-uploadwizard,12-01-2012,6a91ccc41a1eb6cfe936ce8cad955e96870450c3,45,0,0,0,0,0,0,0,0,0,0,0,0,0,0,0,0,0,0,0,0,0,0,0,0,0,0,0,0,0,0,0,0,0,0,0,0,0,0,0,0,0,0,0,0,0,0,0,0,0,5112,
mediawiki-extensions-uploadwizard,27-06-2023,de8e23f229d1d75acfae4c50f20f0d403116d144,85,15,0,0,0,0,0,0,0,0,0,0,0,0,0,0,0,0,0,0,0,0,0,0,0,5,0,0,0,0,0,0,0,0,0,0,0,0,0,0,0,0,0,0,0,0,0,0,0,0,6747,
mediawiki-extensions-visualeditor,14-01-2012,f4081bef08cd8881266df90dca85d45181a4c67b,117,20,0,0,0,0,0,0,0,0,0,0,0,0,0,0,0,0,0,0,0,0,0,0,0,4,0,0,0,0,0,0,0,0,0,0,0,0,0,0,0,0,0,0,0,0,0,0,0,1,17481,
mediawiki-extensions-visualeditor,29-06-2023,51b1d7eca7bfb090e93f50e1d66f004116e0aa52,288,40,67,246,1,222,38,0,0,0,0,2,1,0,2,0,75,0,0,0,0,0,40,0,4,12,5,42,1,37,21,0,0,0,0,1,1,0,2,0,7,0,0,0,0,0,6,0,3,0,18583,
melonjs,29-01-2012,e6481fb39570d2dd884a594a0a7d8a514719693b,130,1,0,0,0,0,0,0,0,0,0,0,0,0,0,0,0,0,0,0,0,0,0,0,0,1,0,0,0,0,0,0,0,0,0,0,0,0,0,0,0,0,0,0,0,0,0,0,0,1,6550,
melonjs,24-06-2023,d197337307b9149cfac6e079c7c8f8efaded54ed,155,52,93,202,82,288,1100,358,0,537,198,9,9,1,1,0,0,0,0,0,0,0,14,0,28,7,7,40,77,55,98,106,0,124,52,7,7,1,1,0,0,0,0,0,0,0,2,0,5,1,14491,
meteor,07-01-2012,dc88513aca99116654da1cd2966313dc792bad3d,23,0,0,0,0,0,0,0,0,0,0,0,0,0,0,0,0,0,0,0,0,0,0,0,0,0,0,0,0,0,0,0,0,0,0,0,0,0,0,0,0,0,0,0,0,0,0,0,0,0,2464,
meteor,23-06-2023,cb576fb4b22539599bd0d64b94d1576d144338e4,321,92,120,1008,30,409,428,167,0,476,39,27,57,14,60,10,314,0,0,0,0,0,337,3,25,19,11,108,24,71,55,59,0,103,16,15,19,4,25,5,38,0,0,0,0,0,45,3,14,4,22626,
mineflayer,20-06-2012,32ad7f703261df3e1dfcc056b2538fda137c2cdd,56,0,0,0,0,0,0,0,0,0,0,0,0,0,0,0,0,0,0,0,0,0,0,0,0,0,0,0,0,0,0,0,0,0,0,0,0,0,0,0,0,0,0,0,0,0,0,0,0,2,3185,
mineflayer,28-06-2023,02d67b22e1ba8e354d8ec856b17000ffbc5144a1,57,47,70,337,1,241,34,0,0,0,5,0,1,4,19,10,132,1,0,0,0,3,104,0,2,20,18,52,1,54,16,0,0,0,4,0,1,2,12,5,28,1,0,0,0,1,32,0,2,1,2433,
misago,16-07-2012,4fa993c0634e490e757a99dcbb3462dd7287ee0c,0,0,0,0,0,0,0,0,0,0,0,0,0,0,0,0,0,0,0,0,0,0,0,0,0,0,0,0,0,0,0,0,0,0,0,0,0,0,0,0,0,0,0,0,0,0,0,0,0,0,0,
misago,10-06-2023,0d326040a77cf1a3bff71b8082a48573c6340285,514,6,10,978,119,1317,615,327,0,302,65,12,195,8,309,0,86,0,0,0,0,0,701,11,0,1,1,46,17,31,34,56,0,53,22,2,4,4,4,0,4,0,0,0,0,0,32,2,0,226,15704,
mockup,12-12-2012,e458d120ed2294fe87070de446b2554c810f707e,5,0,0,0,0,0,0,0,0,0,0,0,0,0,0,0,0,0,0,0,0,0,0,0,0,0,0,0,0,0,0,0,0,0,0,0,0,0,0,0,0,0,0,0,0,0,0,0,0,0,109,
mockup,31-05-2023,ee4ca120081ea040d68680e026fe70beddb47418,116,157,282,337,10,150,102,11,0,499,1,0,9,0,0,6,102,0,0,0,0,0,0,0,40,50,48,60,10,34,31,11,0,99,1,0,5,0,0,2,37,0,0,0,0,0,0,0,19,1,10065,
modernizr,08-01-2012,8a06d66c02be304b981eaf3f2c8f33292acd6d28,68,14,0,0,0,0,0,0,0,0,0,0,0,0,0,0,0,0,0,0,0,0,0,0,0,2,0,0,0,0,0,0,0,0,0,0,0,0,0,0,0,0,0,0,0,0,0,0,0,0,6201,
modernizr,03-04-2023,f1b57789747767db3eca410a7c7334f1904f4f37,411,1,0,9,0,13,1,0,0,11,0,0,5,0,0,0,1,0,0,0,0,0,0,0,0,1,0,2,0,1,1,0,0,1,0,0,1,0,0,0,1,0,0,0,0,0,0,0,0,0,5691,
mongoose,11-01-2012,e69daeaccff36c3b3ecaa37e9ab8b88b9de5dc5e,40,4,0,0,0,0,0,0,0,0,0,0,0,0,0,0,0,0,0,0,0,0,0,0,0,1,0,0,0,0,0,0,0,0,0,0,0,0,0,0,0,0,0,0,0,0,0,0,0,0,7309,
mongoose,28-06-2023,7d0972ac0e924ae5e1553fa124b16f34b1c9bfda,220,2128,5508,12220,28,1820,1284,0,0,1,5,3,48,43,44,1,122,0,0,0,0,25,135,3,15,109,94,198,13,109,116,0,0,1,3,2,11,10,29,1,29,0,0,0,0,3,44,3,7,4,40828,
monster-ui,25-10-2012,e624d10bad6d53ec3dae6cecd117a6a5912a605b,7,0,0,0,0,0,0,0,0,0,0,0,0,0,0,0,0,0,0,0,0,0,0,0,0,0,0,0,0,0,0,0,0,0,0,0,0,0,0,0,0,0,0,0,0,0,0,0,0,0,896,
monster-ui,26-06-2023,33df18bc3d8b98132d56d97eab119d44c78aa4f6,67,3,0,130,0,54,4,24,0,69,0,0,6,1,0,0,0,0,0,0,0,0,1,0,0,2,0,14,0,9,3,8,0,11,0,0,3,1,0,0,0,0,0,0,0,0,1,0,0,0,10089,
moodle-qtype_coderunner,03-12-2012,6d7fab2e69cff7bdf3e7fc21ef48fa95ece36559,1,0,0,0,0,0,0,0,0,0,0,0,0,0,0,0,0,0,0,0,0,0,0,0,0,0,0,0,0,0,0,0,0,0,0,0,0,0,0,0,0,0,0,0,0,0,0,0,0,0,146,
moodle-qtype_coderunner,28-06-2023,1ae5e0865fc499ed42cc5232a7e890cd21b3380f,439,11,2,92,2,26,73,2,0,5,6,0,2,0,1,6,20,0,0,0,0,0,1,0,0,3,2,8,2,6,7,2,0,2,3,0,2,0,1,1,3,0,0,0,0,0,1,0,0,0,162371,
natural,18-01-2012,4cbf51b07bac0c240cd29e57a824f3cd03a35b46,35,0,0,0,0,0,0,0,0,0,0,0,0,0,0,0,0,0,0,0,0,0,0,0,0,0,0,0,0,0,0,0,0,0,0,0,0,0,0,0,0,0,0,0,0,0,0,0,0,0,1096,
natural,29-05-2023,c2389f2a17faae9582a1a0f41402c68407ccb378,90,0,0,577,0,21,55,0,0,0,0,0,0,0,1,0,0,0,0,0,0,0,7,0,0,0,0,86,0,16,22,0,0,0,0,0,0,0,1,0,0,0,0,0,0,0,5,0,0,0,4333,
nock,11-01-2012,7a9a24d1ef928ef81951a846534e0542d91f5b90,3,0,0,0,0,0,0,0,0,0,0,0,0,0,0,0,0,0,0,0,0,0,0,0,0,0,0,0,0,0,0,0,0,0,0,0,0,0,0,0,0,0,0,0,0,0,0,0,0,0,430,
nock,25-06-2023,8aab603f2b884f49618fbfdcc3c9529cccdc8975,58,290,350,1269,2,1128,29,0,0,0,2,0,1,3,250,0,46,0,0,0,0,0,533,0,5,37,36,55,2,44,8,0,0,0,1,0,1,2,42,0,14,0,0,0,0,0,42,0,4,1,4429,
node-db-migrate,17-01-2012,a00d685815b0c73165cb40c8a7daaa6248b2ac4f,6,0,0,0,0,0,0,0,0,0,0,0,0,0,0,0,0,0,0,0,0,0,0,0,0,0,0,0,0,0,0,0,0,0,0,0,0,0,0,0,0,0,0,0,0,0,0,0,0,0,189,
node-db-migrate,29-05-2023,50b34a8dd2224e21c5f28843d49511a08d1dbe1b,18,24,31,141,0,143,18,0,0,0,1,0,4,0,1,0,6,0,0,0,0,0,5,2,0,8,5,8,0,13,3,0,0,0,1,0,1,0,1,0,2,0,0,0,0,0,2,1,0,0,1341,
node-postgres,11-01-2012,d8fdb7f47c9edaa46f446022bec2cc9fc4631b75,67,0,0,0,0,0,0,0,0,0,0,0,0,0,0,0,0,0,0,0,0,0,0,0,0,0,0,0,0,0,0,0,0,0,0,0,0,0,0,0,0,0,0,0,0,0,0,0,0,0,2460,
node-postgres,26-06-2023,eaafac36dc8f4a13f1fecc9e3420d35559fd8e2b,3,0,0,1,0,0,0,0,0,0,0,0,0,0,0,0,0,0,0,0,0,0,0,0,0,0,0,1,0,0,0,0,0,0,0,0,0,0,0,0,0,0,0,0,0,0,0,0,0,2,2,
nodemailer,01-02-2012,d1e4daa304b52281a0540885534b222dc6656926,2,0,0,0,0,0,0,0,0,0,0,0,0,0,0,0,0,0,0,0,0,0,0,0,0,0,0,0,0,0,0,0,0,0,0,0,0,0,0,0,0,0,0,0,0,0,0,0,0,0,64,
nodemailer,29-05-2023,551c7b60052ec7dd08291dc844a8af53215e488e,44,6,11,161,3,194,749,0,0,0,0,0,0,0,0,0,12,0,0,0,0,0,17,0,42,5,5,41,3,29,39,0,0,0,0,0,0,0,0,0,8,0,0,0,0,0,9,0,4,0,4425,
nodemon,18-01-2012,91e18a93ae8a91f7ca6e39ef10e7db85bbe68ff4,1,0,0,0,0,0,0,0,0,0,0,0,0,0,0,0,0,0,0,0,0,0,0,0,0,0,0,0,0,0,0,0,0,0,0,0,0,0,0,0,0,0,0,0,0,0,0,0,0,0,308,
nodemon,29-06-2023,3b5810463e7c39b0a8e2856c996faf454a6ca1f8,41,9,13,68,0,64,6,0,0,0,0,0,1,0,5,0,8,0,0,0,0,0,5,0,0,2,1,8,0,13,3,0,0,0,0,0,1,0,1,0,5,0,0,0,0,0,2,0,0,0,1941,
novnc,02-02-2012,1af3e54bef9f2954f87e28998d00bdacb6280545,19,0,0,0,0,0,0,0,0,0,0,0,0,0,0,0,0,0,0,0,0,0,0,0,0,0,0,0,0,0,0,0,0,0,0,0,0,0,0,0,0,0,0,0,0,0,0,0,0,0,4954,
novnc,04-06-2023,ccef89f55651e083fc2e818a251d09ff0bf9e75a,73,54,85,732,35,175,994,79,0,147,13,0,4,1,2,0,19,0,0,0,0,5,2,0,120,13,12,59,29,35,60,36,0,46,8,0,2,1,1,0,6,0,0,0,0,1,1,0,5,0,13682,
ns_server,06-01-2012,bff76b3004efc5b4d7ec2b2dd8101593390427ef,40,43,0,0,0,0,0,0,0,0,0,0,0,0,0,0,0,0,0,0,0,0,0,0,0,6,0,0,0,0,0,0,0,0,0,0,0,0,0,0,0,0,0,0,0,0,0,0,0,0,28510,
ns_server,29-06-2023,d81ac6f3761a6b4ee6896dc863390b2f7fe0e8d0,400,26,17,79,189,676,636,232,2,2019,9,0,17,8,1,0,29,0,0,0,0,0,148,1,2,8,2,9,150,131,116,215,1,307,4,0,12,2,1,0,8,0,0,0,0,0,116,1,1,13,128597,
numbas,19-01-2012,a31c781ebc5655737dbfacb7683dcc1e35ae04d0,44,9,0,0,0,0,0,0,0,0,0,0,0,0,0,0,0,0,0,0,0,0,0,0,0,2,0,0,0,0,0,0,0,0,0,0,0,0,0,0,0,0,0,0,0,0,0,0,0,0,38261,
numbas,19-06-2023,70f2532f1388c951e55f768a0b4331626fb6e36e,79,18,11,102,2,104,99,0,0,0,0,0,7,2,1,34,7,0,0,0,0,0,17,0,1,7,3,10,1,8,13,0,0,0,0,0,4,2,1,1,3,0,0,0,0,0,3,0,1,3,36562,
nunaliit,04-10-2012,c9e55eadb94a48c483858d4e13444fe1948f2cb5,265,59,0,0,0,0,0,0,0,0,0,0,0,0,0,0,0,0,0,0,0,0,0,0,0,11,0,0,0,0,0,0,0,0,0,0,0,0,0,0,0,0,0,0,0,0,0,0,0,67,39372,
nunaliit,29-06-2023,40799b2a42f40f0ec227a7030bc37ca20d860975,482,101,10,407,16,59,212,6,0,122,0,2,12,0,12,22,35,0,0,0,0,0,29,0,0,26,3,34,15,15,27,3,0,16,0,1,4,0,3,5,11,0,0,0,0,0,5,0,0,102,126138,
nutzmore,07-06-2012,ef2702779880bfe8810ef864b20819e9ffaa6fec,0,0,0,0,0,0,0,0,0,0,0,0,0,0,0,0,0,0,0,0,0,0,0,0,0,0,0,0,0,0,0,0,0,0,0,0,0,0,0,0,0,0,0,0,0,0,0,0,0,0,0,
nutzmore,21-03-2023,9a0cf3634f3f61a2214ffd915e1bcbabf3ddc5d8,2167,95,0,0,0,0,0,0,0,0,0,0,0,0,0,0,0,0,0,0,0,0,0,0,0,30,0,0,0,0,0,0,0,0,0,0,0,0,0,0,0,0,0,0,0,0,0,0,0,38,427251,
nw.js,04-01-2012,914c1c97c6d8bcf1317728493f199b5fee7ddddc,4,0,0,0,0,0,0,0,0,0,0,0,0,0,0,0,0,0,0,0,0,0,0,0,0,0,0,0,0,0,0,0,0,0,0,0,0,0,0,0,0,0,0,0,0,0,0,0,0,0,21,
nw.js,07-06-2023,4895022f392a6bc939318a6fa008d84114bf3de9,92,6,6,31,0,25,64,0,0,0,0,1,1,0,0,0,16,0,0,0,0,0,0,0,0,2,1,8,0,9,8,0,0,0,0,1,1,0,0,0,4,0,0,0,0,0,0,0,0,1,5178,
opal,17-01-2012,349cf0634c9a7b2ba420a32231e25a18f8250979,27,7,0,0,0,0,0,0,0,0,0,0,0,0,0,0,0,0,0,0,0,0,0,0,0,1,0,0,0,0,0,0,0,0,0,0,0,0,0,0,0,0,0,0,0,0,0,0,0,0,22173,
opal,25-06-2023,44ae91e22c6d7dab70e4e09abc7396061ff4fcf3,515,12,0,0,0,0,0,0,0,0,0,0,0,0,0,0,0,0,0,0,0,0,0,0,0,1,0,0,0,0,0,0,0,0,0,0,0,0,0,0,0,0,0,0,0,0,0,0,0,3,299356,
openlayers,28-01-2012,8efce712713963555caeab819cd4a565b362fc49,72,0,0,0,0,0,0,0,0,0,0,0,0,0,0,0,0,0,0,0,0,0,0,0,0,0,0,0,0,0,0,0,0,0,0,0,0,0,0,0,0,0,0,0,0,0,0,0,0,0,5428,
openlayers,27-06-2023,58f42c49cb9ac14f4201d21c7871e08bdf9cfc88,978,32,34,15470,276,983,2707,744,0,5076,4,3,76,12,1,27,293,1,0,0,0,0,136,21,21,14,13,678,221,124,418,140,0,684,3,1,28,10,1,5,59,1,0,0,0,0,40,8,9,11,84501,
openpgpjs,02-02-2012,645bbf3f1666b133695e7615dad3dd4bbdeb27c9,59,16,0,0,0,0,0,0,0,0,0,0,0,0,0,0,0,0,0,0,0,0,0,0,0,1,0,0,0,0,0,0,0,0,0,0,0,0,0,0,0,0,0,0,0,0,0,0,0,0,24155,
openpgpjs,15-05-2023,400b163f8411204f5de830b70e65fd86246cf933,138,960,2729,3751,37,428,524,164,7,343,198,4,152,27,319,0,183,0,0,0,0,0,1217,1,25,64,62,90,34,63,59,32,1,61,31,3,20,9,62,0,35,0,0,0,0,0,65,1,5,0,16184,
oskari-frontend,05-09-2012,b740c810dce2540b7dba65ec4ed30d310bd7989f,859,36,0,0,0,0,0,0,0,0,0,0,0,0,0,0,0,0,0,0,0,0,0,0,0,3,0,0,0,0,0,0,0,0,0,0,0,0,0,0,0,0,0,0,0,0,0,0,0,3,146701,
oskari-frontend,28-06-2023,f3f7fb8126d1a22b725ce0b7ab93b3afad90e343,1629,15,13,3892,90,1956,394,441,0,604,187,15,216,7,280,155,203,0,0,0,0,0,987,16,34,6,3,273,89,227,116,128,0,178,89,12,80,6,87,32,63,0,0,0,0,0,125,11,19,63,49930,
pastvu,30-03-2012,4634b9d69b4ac1753026765cee9178981b0de536,0,0,0,0,0,0,0,0,0,0,0,0,0,0,0,0,0,0,0,0,0,0,0,0,0,0,0,0,0,0,0,0,0,0,0,0,0,0,0,0,0,0,0,0,0,0,0,0,0,0,0,
pastvu,24-06-2023,39635a3188c74365ec59dbbb100aeca3c93b308b,190,303,675,2817,13,604,724,215,0,471,43,3,42,46,227,0,328,1,0,0,0,0,1274,18,22,41,40,116,12,77,80,58,0,74,22,2,14,13,28,0,39,1,0,0,0,0,42,2,11,1,28268,
pdf.js,14-01-2012,2004246f752825816dfaa187a6367d3a47a5cc01,37,0,0,10,0,0,12,0,0,0,0,0,0,0,0,0,0,0,0,0,0,0,0,0,0,0,0,2,0,0,2,0,0,0,0,0,0,0,0,0,0,0,0,0,0,0,0,0,0,1,11287,
pdf.js,29-06-2023,39113baa3302ea2bff27ec1f128b3f3741f7bfa2,317,877,2089,7460,462,1207,1566,168,0,583,153,4,89,94,297,150,971,16,0,93,0,0,1788,0,82,76,67,231,129,96,144,165,0,188,64,4,34,27,57,62,95,12,0,21,0,0,128,0,24,45,60829,
pentaho-platform-plugin-common-ui,11-01-2012,f1f4aa2696cc3b0a2821425908563535a62f7e68,0,0,0,0,0,0,0,0,0,0,0,0,0,0,0,0,0,0,0,0,0,0,0,0,0,0,0,0,0,0,0,0,0,0,0,0,0,0,0,0,0,0,0,0,0,0,0,0,0,0,0,
pentaho-platform-plugin-common-ui,23-06-2023,a0ee754662eaa12cf578f6218b40ad353573688d,724,21,0,15,0,0,3,0,0,0,0,0,0,0,0,0,0,0,0,0,0,0,0,0,0,9,0,2,0,0,2,0,0,0,0,0,0,0,0,0,0,0,0,0,0,0,0,0,0,0,78003,
phantomas,18-01-2012,096d60b318a6ee4869c40f596805b6fe1115f013,8,0,0,0,0,0,0,0,0,0,0,0,0,0,0,0,0,0,0,0,0,0,0,0,0,0,0,0,0,0,0,0,0,0,0,0,0,0,0,0,0,0,0,0,0,0,0,0,0,0,3508,
phantomas,28-06-2023,2f3655d32ecded5980cba21f97b7df6f8b2b0303,85,38,26,92,0,235,11,0,0,0,0,0,2,0,14,0,10,0,0,0,0,0,54,0,0,18,15,33,0,55,5,0,0,0,0,0,2,0,13,0,4,0,0,0,0,0,21,0,0,0,7710,
plugins,20-06-2012,21426cf4112c52897a7b46eea5b8bebd6476613c,67,0,0,0,0,0,0,0,0,0,0,0,0,0,0,0,0,0,0,0,0,0,0,0,0,0,0,0,0,0,0,0,0,0,0,0,0,0,0,0,0,0,0,0,0,0,0,0,0,0,1273,
plugins,29-05-2023,62ad028ca4b62ad8baba005e653fb4bb1b508ba7,308,0,0,24,4,54,26,0,0,0,10,0,0,0,0,0,0,0,0,0,0,0,5,0,0,0,0,7,4,10,9,0,0,0,4,0,0,0,0,0,0,0,0,0,0,0,2,0,0,0,9550,
popclip-extensions,13-11-2012,44ae107b74ee3756e915c01272b04f4879506beb,0,0,0,0,0,0,0,0,0,0,0,0,0,0,0,0,0,0,0,0,0,0,0,0,0,0,0,0,0,0,0,0,0,0,0,0,0,0,0,0,0,0,0,0,0,0,0,0,0,0,0,
popclip-extensions,01-06-2023,f6eafc010ba61f36323ac3cfca6f1242a172fa47,92,65,81,458,0,217,103,0,15,0,13,2,2,9,31,0,75,0,0,0,0,0,154,0,31,19,19,59,0,52,21,0,3,0,5,1,2,8,16,0,34,0,0,0,0,0,21,0,7,1,8329,
pouchdb,02-04-2012,371cffd3a8da387db98bafa39186604e4c8bfe9b,18,26,0,0,0,0,0,0,0,0,0,0,0,0,0,0,0,0,0,0,0,0,0,0,0,4,0,0,0,0,0,0,0,0,0,0,0,0,0,0,0,0,0,0,0,0,0,0,0,0,12921,
pouchdb,27-06-2023,980970331b232969824df71df7bf0bf8cf19053f,142,47,84,263,12,90,143,0,0,0,2,7,3,1,6,0,19,0,0,0,0,0,62,0,0,10,8,21,1,14,9,0,0,0,2,1,2,1,5,0,8,0,0,0,0,0,8,0,0,1,61818,
pusher-js,05-01-2012,3f488a84d112297b43800363dbc88c3fd0c33781,21,1,0,0,0,0,0,0,0,0,0,0,0,0,0,0,0,0,0,0,0,0,0,0,0,1,0,0,0,0,0,0,0,0,0,0,0,0,0,0,0,0,0,0,0,0,0,0,0,0,1899,
pusher-js,14-06-2023,a5b767bce0af5bc9edf3bb4e1be6c30cf4a4b6b1,102,30,43,196,0,54,87,0,0,0,0,0,0,0,16,0,11,0,0,0,0,0,28,0,0,9,9,30,0,19,10,0,0,0,0,0,0,0,12,0,4,0,0,0,0,0,13,0,0,0,6848,
qunit,01-02-2012,b9010d4befa71b394bffa3294d8de5c047f9c541,13,6,0,0,0,0,0,0,0,0,0,0,0,0,0,0,0,0,0,0,0,0,0,0,0,1,0,0,0,0,0,0,0,0,0,0,0,0,0,0,0,0,0,0,0,0,0,0,0,0,2124,
qunit,12-06-2023,143dfe8359d7558ee44b283edd6d49192a445a9f,188,108,47,572,13,287,202,45,0,100,11,3,18,4,14,0,113,0,0,0,0,0,126,0,17,27,10,52,10,59,29,17,0,30,9,3,7,1,11,0,27,0,0,0,0,0,24,0,3,1,10175,
reddit-enhancement-suite,17-01-2012,1842d57dda4a4b93cb2ade7499a1ba2258969e28,4,24,0,0,0,0,0,0,0,0,0,0,0,0,0,0,0,0,0,0,0,0,0,0,0,1,0,0,0,0,0,0,0,0,0,0,0,0,0,0,0,0,0,0,0,0,0,0,0,0,19517,
reddit-enhancement-suite,11-04-2023,21217ded9dd12f4e998f9e67477191afa92e0c9d,40,1,1,85,0,117,4,1,0,22,2,1,0,0,1,0,77,0,0,0,0,0,5,0,2,1,1,19,0,34,2,1,0,3,1,1,0,0,1,0,18,0,0,0,0,0,2,0,2,2,482,
respec,10-05-2012,d369ffb1a8c767efeb11f6a54fffb32fe44ea28a,10,0,0,0,0,0,0,0,0,0,0,0,0,0,0,0,0,0,0,0,0,0,0,0,0,0,0,0,0,0,0,0,0,0,0,0,0,0,0,0,0,0,0,0,0,0,0,0,0,0,3232,
respec,23-06-2023,1f15b4c68a74e45ead291dd758c9d53f0fb91364,234,594,674,3512,4,1163,87,175,0,500,10,0,177,118,110,20,864,3,0,0,0,0,365,0,24,87,84,157,4,133,39,63,0,140,10,0,52,42,43,14,116,3,0,0,0,0,69,0,7,47,10344,
ringojs,26-01-2012,f5d10c649c80cc20df8f7ee4b86a930ad6ae20ec,137,7,0,0,0,0,0,0,0,0,0,0,0,0,42,0,0,0,0,0,0,0,77,0,0,1,0,0,0,0,0,0,0,0,0,0,0,0,23,0,0,0,0,0,0,0,23,0,0,42,7035,
ringojs,01-03-2023,bf4f63a393baf52818a7a87c808ed5b933b7f3d1,208,0,0,1610,0,665,378,0,2,0,0,0,0,6,193,0,0,0,0,0,0,0,314,0,1,0,0,111,0,80,68,0,2,0,0,0,0,5,82,0,0,0,0,0,0,0,82,0,1,4,12470,
rollbar.js,13-12-2012,26b7e4219fc245cae7582a59bb44daf7a31ecab3,1,0,0,0,0,0,0,0,0,0,0,0,0,0,0,0,0,0,0,0,0,0,0,0,0,0,0,0,0,0,0,0,0,0,0,0,0,0,0,0,0,0,0,0,0,0,0,0,0,0,520,
rollbar.js,29-06-2023,70109a9a25e9f1e796e9c011bb102192112e5719,524,46,23,54,0,46,0,0,0,0,1,0,2,0,2,0,8,0,0,0,0,0,11,0,3,12,4,10,0,12,0,0,0,0,1,0,1,0,2,0,3,0,0,0,0,0,6,0,3,5,410414,
sails,19-01-2012,1cf8c9e564b70c9ba6c0b628d699df8ce5faebea,7,0,0,0,0,0,0,0,0,0,0,0,0,0,0,0,0,0,0,0,0,0,0,0,0,0,0,0,0,0,0,0,0,0,0,0,0,0,0,0,0,0,0,0,0,0,0,0,0,0,87,
sails,23-06-2023,ceb0f3b817311143438127057c253142e53068fb,104,37,0,0,0,0,0,0,0,0,0,0,0,0,0,0,0,0,0,0,0,0,0,0,0,14,0,0,0,0,0,0,0,0,0,0,0,0,0,0,0,0,0,0,0,0,0,0,0,0,9376,
sceditor,24-01-2012,933346bd2a84725d4a06530df510e1bac1ee11a4,8,8,0,0,0,0,0,0,0,0,0,0,0,0,0,0,0,0,0,0,0,0,0,0,0,1,0,0,0,0,0,0,0,0,0,0,0,0,0,0,0,0,0,0,0,0,0,0,0,0,4702,
sceditor,05-03-2023,0ee103397c5ed12a5a2cac8f397773a264226466,68,1,0,18,0,5,0,5,0,42,0,0,0,0,0,0,0,0,0,0,0,0,0,0,0,1,0,4,0,5,0,1,0,10,0,0,0,0,0,0,0,0,0,0,0,0,0,0,0,0,4064,
sefaria-project,12-01-2012,a4bb599a38a4c975428dba8a98546cae3e70dd7f,268,27,0,0,0,0,0,0,0,0,0,0,0,0,0,0,0,0,0,0,0,0,0,0,0,4,0,0,0,0,0,0,0,0,0,0,0,0,0,0,0,0,0,0,0,0,0,0,0,123,45182,
sefaria-project,29-06-2023,6bad1dd716f03dba08ae8340e29e18a3d94bbfcf,218,17,22,441,13,307,260,7,0,47,39,2,12,10,10,31,63,0,0,0,0,0,177,11,9,4,3,23,11,17,17,6,0,14,6,2,3,3,4,2,11,0,0,0,0,0,10,2,1,7,21447,
semanticresultformats,22-01-2012,9dcb82c4e61891ab339992593d603c795188faff,415,27,0,0,0,0,0,0,0,0,0,0,0,0,0,0,0,0,0,0,0,0,0,0,0,7,0,0,0,0,0,0,0,0,0,0,0,0,0,0,0,0,0,0,0,0,0,0,0,0,135010,
semanticresultformats,08-06-2023,289e4592dca9bfaef3b2ee8f90940aacd6ead842,536,43,0,5,0,6,2,0,0,0,0,0,0,0,0,0,0,0,0,0,0,0,0,0,1,15,0,3,0,2,1,0,0,0,0,0,0,0,0,0,0,0,0,0,0,0,0,0,1,0,217945,
seneca,17-04-2012,b4fa988511ef8db27e4debeb8a0fc79b31e54e57,15,0,0,0,0,0,0,0,0,0,0,0,0,0,0,0,0,0,0,0,0,0,0,0,0,0,0,0,0,0,0,0,0,0,0,0,0,0,0,0,0,0,0,0,0,0,0,0,0,0,668,
seneca,29-06-2023,b3396100ab69fa8cde6036172a51ad40dbf060a0,142,62,72,268,0,123,42,0,0,0,0,2,7,0,26,0,0,0,0,0,0,0,61,0,0,11,9,46,0,24,11,0,0,0,0,2,3,0,13,0,0,0,0,0,0,0,19,0,0,1,7372,
sequelize,25-01-2012,070dd44bcc806b19087ae396aab248472a68868e,39,135,0,0,0,0,0,0,0,0,0,0,0,0,0,0,0,0,0,0,0,0,0,0,0,13,0,0,0,0,0,0,0,0,0,0,0,0,0,0,0,0,0,0,0,0,0,0,0,0,1554,
sequelize,29-06-2023,9f4c6d91e6d0b765e6128198d8faf7807a7c43df,4,1,1,26,0,6,1,0,0,1,0,0,0,0,2,0,7,0,0,0,0,0,3,0,0,1,1,2,0,2,1,0,0,1,0,0,0,0,1,0,2,0,0,0,0,0,1,0,0,0,75,
shiny-server,21-09-2012,290e32dfb6c924818cb312a4f84c13f262f201a3,6,0,0,0,0,0,0,0,0,0,0,0,0,0,0,0,0,0,0,0,0,0,0,0,0,0,0,0,0,0,0,0,0,0,0,0,0,0,0,0,0,0,0,0,0,0,0,0,0,0,354,
shiny-server,21-04-2023,8d94d5d2543de5c33839354ae66facf07605b8e9,27,12,33,80,1,40,8,0,0,0,3,0,1,0,13,0,1,0,0,0,0,0,49,0,0,2,2,5,1,6,3,0,0,0,1,0,1,0,4,0,1,0,0,0,0,0,4,0,0,0,1414,
singlefile,28-01-2012,d154e927792a5c21d69e0cd146a4c2b1103f94eb,15,0,0,0,0,0,0,0,0,0,0,0,0,0,0,0,0,0,0,0,0,0,0,0,0,0,0,0,0,0,0,0,0,0,0,0,0,0,0,0,0,0,0,0,0,0,0,0,0,0,1570,
singlefile,21-06-2023,011a6757789329ef009477ce26e771b886843509,41,159,375,938,0,302,122,25,0,84,13,0,5,14,8,0,14,0,0,0,0,0,143,0,1,28,28,32,0,29,25,24,0,20,8,0,3,8,5,0,5,0,0,0,0,0,21,0,1,0,6613,
sinon,13-01-2012,0b997221cd82011a53ecbb947805e20ed8384625,20,14,0,0,0,0,0,0,0,0,0,0,0,0,0,0,0,0,0,0,0,0,0,0,0,2,0,0,0,0,0,0,0,0,0,0,0,0,0,0,0,0,0,0,0,0,0,0,0,1,5292,
sinon,20-06-2023,fe44ea4ca62dfc6bc32b1d1c04f33b33b4ee476a,69,10,14,2190,4,21,71,0,0,0,0,0,0,1,8,0,71,0,0,0,0,0,14,0,5,3,3,68,3,11,20,0,0,0,0,0,0,1,4,0,12,0,0,0,0,0,4,0,3,0,10598,
sitespeed.io,11-07-2012,da330d9c2abc26fa5adc48f1fffad490db8af7ab,5,13,0,0,0,0,0,0,0,0,0,0,0,0,0,0,0,0,0,0,0,0,0,0,0,2,0,0,0,0,0,0,0,0,0,0,0,0,0,0,0,0,0,0,0,0,0,0,0,0,9430,
sitespeed.io,27-06-2023,a9384bf79fe7af44f81b5ca79273ae36e1d4a0eb,36,32,11,68,1,42,26,0,0,36,0,0,1,0,1,0,64,0,0,0,0,0,17,0,2,7,5,11,1,9,8,0,0,13,0,0,1,0,1,0,7,0,0,0,0,0,7,0,1,8,12928,
splunk-sdk-javascript,18-01-2012,b5a0dc68d21beb01424391c4c4fde6a92dbee169,86,91,0,0,0,0,0,0,0,0,0,0,0,0,0,0,0,0,0,0,0,0,0,0,0,8,0,0,0,0,0,0,0,0,0,0,0,0,0,0,0,0,0,0,0,0,0,0,0,1,71616,
splunk-sdk-javascript,31-01-2023,16a71a8e38795f1fd461bb30079b0e4d6de58f35,51,439,577,6,0,54,1121,0,0,0,0,0,4,48,3,0,0,0,0,0,0,0,3,0,0,32,28,5,0,27,29,0,0,0,0,0,2,8,3,0,0,0,0,0,0,0,3,0,0,8,28180,
step,11-05-2012,289dd71bd3fa1bd9752c8c680fed285fcb65a756,20,1,0,0,0,0,0,0,0,0,0,0,0,0,0,0,0,0,0,0,0,0,0,0,0,1,0,0,0,0,0,0,0,0,0,0,0,0,0,0,0,0,0,0,0,0,0,0,0,0,1609,
step,24-06-2023,b051cd5ceec308e8f6a3c55ac6d22094d25f9d47,78,31,0,2,0,0,0,0,0,0,0,0,0,0,0,0,0,0,0,0,0,0,0,0,0,6,0,2,0,0,0,0,0,0,0,0,0,0,0,0,0,0,0,0,0,0,0,0,0,0,27592,
stylus,08-01-2012,8ec7437e4bf5b37d405a7daf7cdb44f7249d5fdf,19,0,0,0,0,0,0,0,0,0,0,0,0,0,0,0,0,0,0,0,0,0,0,0,0,0,0,0,0,0,0,0,0,0,0,0,0,0,0,0,0,0,0,0,0,0,0,0,0,0,192,
stylus,06-06-2023,41fd9c3545cd0798aa4d69dc83ce455704cfd293,5,0,0,0,0,0,0,0,0,0,0,0,0,0,0,0,0,0,0,0,0,0,0,0,0,0,0,0,0,0,0,0,0,0,0,0,0,0,0,0,0,0,0,0,0,0,0,0,0,0,171,
sunspot,13-01-2012,55eb58d9d2bf1cbdda55e2716f384a1b361b2848,0,0,0,0,0,0,0,0,0,0,0,0,0,0,0,0,0,0,0,0,0,0,0,0,0,0,0,0,0,0,0,0,0,0,0,0,0,0,0,0,0,0,0,0,0,0,0,0,0,0,0,
sunspot,26-06-2023,678c5b2b57d3b06b9432307f00283ecc6c85ad4d,38,9,0,0,0,0,0,0,0,0,0,0,0,0,0,0,0,0,0,0,0,0,0,0,0,1,0,0,0,0,0,0,0,0,0,0,0,0,0,0,0,0,0,0,0,0,0,0,0,0,12783,
superagent,25-01-2012,6dcc9b295625ff86a7c80dcf2d6ffa72e1a21243,21,8,0,0,0,0,0,0,0,0,0,0,0,0,0,0,0,0,0,0,0,0,0,0,0,1,0,0,0,0,0,0,0,0,0,0,0,0,0,0,0,0,0,0,0,0,0,0,0,0,6643,
superagent,03-05-2023,ef969fa78aa90a04eae7bb4b9fa9aecc448f9d2a,72,30,30,706,0,1232,215,0,0,0,0,3,3,1,65,1,387,0,0,0,20,0,112,2,6,23,23,51,0,47,42,0,0,0,0,2,3,1,14,1,41,0,0,0,11,0,18,1,3,0,7035,
swagger-js,16-02-2012,3852c43caf5dae3227682468cab7a9a6aa9c7ae8,0,0,0,0,0,0,0,0,0,0,0,0,0,0,0,0,0,0,0,0,0,0,0,0,0,0,0,0,0,0,0,0,0,0,0,0,0,0,0,0,0,0,0,0,0,0,0,0,0,0,0,
swagger-js,28-06-2023,10e441fff37c30960e5d5f0b7216e27a75506ea8,140,378,432,2248,0,1846,46,61,0,384,25,2,56,11,56,35,109,9,0,0,0,0,702,6,49,15,15,56,0,47,12,16,0,45,6,2,11,4,17,8,14,3,0,0,0,0,37,1,6,1,7693,
swagger-ui,25-01-2012,a96cc2d39b996be211e32e4f4b76e0638b0c230e,14,8,0,0,0,0,0,0,0,0,0,0,0,0,0,0,0,0,0,0,0,0,0,0,0,1,0,0,0,0,0,0,0,0,0,0,0,0,0,0,0,0,0,0,0,0,0,0,0,0,10543,
swagger-ui,29-06-2023,879300afd7ecb7caddd9c2ce7fc3108a3488229d,309,7,8,1810,5,1982,711,415,0,588,59,29,121,21,85,31,430,0,0,2,0,0,1183,60,22,2,1,138,5,169,56,36,0,74,21,12,25,7,29,5,42,0,0,2,0,0,111,7,4,3,10323,
swiper,14-03-2012,c7622cbb6515b98d80547dcf6d5cc32d89824a9c,2,0,0,0,0,0,0,0,0,0,0,0,0,0,0,0,0,0,0,0,0,0,0,0,0,0,0,0,0,0,0,0,0,0,0,0,0,0,0,0,0,0,0,0,0,0,0,0,0,0,592,
swiper,29-06-2023,1774d72078368fa8d8f4345e94032f114a429d93,18,2,1,10,0,14,0,3,0,19,2,0,0,0,1,0,6,0,0,0,0,0,6,0,0,2,1,6,0,5,0,2,0,5,2,0,0,0,1,0,1,0,0,0,0,0,2,0,0,5,71,
synapsewebclient,11-01-2012,d4f8913ab6118c2c91e539c249b5e1c994ba6e2f,3,8,0,0,0,0,0,0,0,0,0,0,0,0,0,0,0,0,0,0,0,0,0,0,0,1,0,0,0,0,0,0,0,0,0,0,0,0,0,0,0,0,0,0,0,0,0,0,0,0,8429,
synapsewebclient,29-06-2023,dfad2c029ceb9e63590d502930613ce6e2842412,659,63,0,18,5,13,33,0,0,0,0,0,1,0,1,0,2,0,0,0,0,0,2,0,9,10,0,3,1,3,3,0,0,0,0,0,1,0,1,0,1,0,0,0,0,0,2,0,2,6,133112,
testem,02-01-2012,62e89c208ed938296bb9e0a8c3880f14143490a1,32,6,0,0,0,0,0,0,0,0,0,0,0,0,0,0,0,0,0,0,0,0,0,0,0,1,0,0,0,0,0,0,0,0,0,0,0,0,0,0,0,0,0,0,0,0,0,0,0,1,5205,
testem,26-06-2023,e94600c4f289e28b84de61a58c95c628d5f19974,214,33,0,190,2,25,309,0,0,0,0,0,0,0,0,0,7,0,0,0,0,0,1,0,0,5,0,27,2,5,24,0,0,0,0,0,0,0,0,0,2,0,0,0,0,0,1,0,0,0,29289,
three.js,25-01-2012,48f076b7f08dd4067fc48a4c3ce87ab708e0ee74,205,0,0,0,0,0,0,0,0,0,0,0,0,0,0,0,0,0,0,0,0,0,0,0,0,0,0,0,0,0,0,0,0,0,0,0,0,0,0,0,0,0,0,0,0,0,0,0,0,24,22934,
three.js,29-06-2023,edefdc237b2528b9668fb873a1c06cb835840303,1249,120,180,17974,800,4005,4110,1642,24,3198,1048,36,139,10,240,1,730,0,0,0,0,0,924,118,163,35,33,990,639,388,529,755,8,959,320,19,49,7,103,1,294,0,0,0,0,0,143,12,21,1,117834,
tiddlywiki5,03-01-2012,91b94e5d1aab3d946814086e33333c0511bd05e0,164,16,0,0,0,0,0,0,0,0,0,0,0,0,0,0,0,0,0,0,0,0,0,0,0,6,0,0,0,0,0,0,0,0,0,0,0,0,0,0,0,0,0,0,0,0,0,0,0,2,25798,
tiddlywiki5,29-06-2023,5c5543815b66c95938862a4db71cf6ea36cfe143,576,26,23,187,7,273,50,0,0,0,12,6,71,2,0,1,46,0,0,0,0,0,29,0,0,7,2,7,1,7,5,0,0,0,1,1,2,1,0,1,4,0,0,0,0,0,1,0,0,1,95152,
traccar-web,21-11-2012,28b819aca170785d0958449b07a332b23b532903,0,0,0,0,0,0,0,0,0,0,0,0,0,0,0,0,0,0,0,0,0,0,0,0,0,0,0,0,0,0,0,0,0,0,0,0,0,0,0,0,0,0,0,0,0,0,0,0,0,0,0,
traccar-web,16-06-2023,3abe32d568ec275d740d7656702a666879a16466,356,16,42,325,2,330,14,92,0,199,1,1,11,7,17,21,76,0,0,0,0,0,107,0,33,8,7,54,2,62,7,24,0,60,1,1,6,6,17,12,15,0,0,0,0,0,34,0,14,86,5227,
translators,26-01-2012,845e6dfa41706633ecab5dc13aa911234f934430,351,0,0,0,0,0,0,0,0,0,0,0,0,0,0,0,0,0,0,0,0,0,0,0,0,0,0,0,0,0,0,0,0,0,0,0,0,0,0,0,0,0,0,0,0,0,0,0,0,351,0,
translators,26-06-2023,00413e20f5ef49a03c7956ab6d5707fc9ccb6733,700,7,16,23,0,5,23,0,0,0,0,0,0,0,0,0,6,0,0,0,0,0,3,0,0,2,2,3,0,2,2,0,0,0,0,0,0,0,0,0,2,0,0,0,0,0,1,0,0,697,195,
travis-web,09-07-2012,7eeb44a9f58a90edc6aec7499f434a3084e8b8be,5,0,0,0,0,0,0,0,0,0,0,0,0,0,0,0,0,0,0,0,0,0,0,0,0,0,0,0,0,0,0,0,0,0,0,0,0,0,0,0,0,0,0,0,0,0,0,0,0,0,301,
travis-web,23-06-2023,c65308ecc70a37fe3ed1f3ad8b0ce9f13fa454ae,825,468,796,1852,2,705,1186,238,196,2487,93,14,199,32,317,0,753,0,0,0,0,0,1104,88,966,136,121,297,2,193,218,78,72,542,38,13,108,27,118,0,202,0,0,0,0,0,187,15,222,2,20636,
treestyletab,02-01-2012,6c2eacc16a50fd0892e78df28e993b44a0439e91,28,0,0,24,0,0,25,0,4,0,0,0,0,0,0,0,0,0,0,0,0,0,0,0,0,0,0,9,0,0,6,0,1,0,0,0,0,0,0,0,0,0,0,0,0,0,0,0,0,11,2354,
treestyletab,29-06-2023,053755304239d8c54cc3b926bf109bf69c409bcc,97,507,1150,3449,11,1231,561,942,7,566,267,66,262,40,41,2,875,0,0,0,0,0,1297,0,25,61,59,80,10,77,75,62,4,72,49,52,55,17,7,1,71,0,0,0,0,0,57,0,8,4,23726,
two.js,08-09-2012,82e67e67e77069ff2d54302f17ec9294b1013ecc,1,0,0,0,0,0,0,0,0,0,0,0,0,0,0,0,0,0,0,0,0,0,0,0,0,0,0,0,0,0,0,0,0,0,0,0,0,0,0,0,0,0,0,0,0,0,0,0,0,0,518,
two.js,23-04-2023,5fc11da65de542cc8c145582925d6b994f25c3bd,64,36,0,892,39,8,326,49,0,247,10,0,1,0,7,0,12,0,0,0,0,0,31,0,0,6,0,45,35,2,41,47,0,41,3,0,1,0,4,0,6,0,0,0,0,0,7,0,0,0,11437,
ui-grid,08-05-2012,0c2cc0830dd12a194d6a721cf1b7cad13a5f9968,45,20,0,0,0,0,0,0,0,0,0,0,0,0,0,0,0,0,0,0,0,0,0,0,0,6,0,0,0,0,0,0,0,0,0,0,0,0,0,0,0,0,0,0,0,0,0,0,0,0,9467,
ui-grid,12-05-2023,76cc0e8d2e41f72c31816e6179873a5e35aac059,34,2,0,38,0,18,5,0,0,0,0,0,0,0,1,0,21,0,0,0,0,0,5,2,0,1,0,6,0,5,3,0,0,0,0,0,0,0,1,0,5,0,0,0,0,0,2,1,0,0,1031,
validator.js,12-02-2012,3bca87306e43572ba3643e566c662f474747466c,6,0,0,0,0,0,0,0,0,0,0,0,0,0,0,0,0,0,0,0,0,0,0,0,0,0,0,0,0,0,0,0,0,0,0,0,0,0,0,0,0,0,0,0,0,0,0,0,0,0,965,
validator.js,26-06-2023,2440c39e662490f1e6d9df23f981c0bd552f2cb3,9,0,0,10,0,275,16,1,0,124,0,0,6,0,0,0,12,0,0,0,0,0,107,0,3,0,0,3,0,8,3,1,0,9,0,0,3,0,0,0,2,0,0,0,0,0,1,0,1,0,1085,
veda,22-08-2012,ab2d4c94cdf74ea331255fae2db4cf0e11856021,53,18,0,0,0,0,0,0,0,0,0,0,0,0,0,0,0,0,0,0,0,0,0,0,0,2,0,0,0,0,0,0,0,0,0,0,0,0,0,0,0,0,0,0,0,0,0,0,0,0,14350,
veda,22-06-2023,7fc1406b788405a94fe72b43926f6182a7f546ee,413,172,951,3759,6,936,474,489,0,761,10,14,95,3,5,3,444,3,0,1,0,0,343,1,1,90,81,401,6,124,101,285,0,264,4,7,39,1,4,1,365,1,0,1,0,0,58,1,1,1,23019,
vellum,17-02-2012,7b7e4a847efa1618fd82688cdbc3034b82e24f95,26,28,0,0,0,0,0,0,0,0,0,0,0,0,0,0,0,0,0,0,0,0,0,0,0,8,0,0,0,0,0,0,0,0,0,0,0,0,0,0,0,0,0,0,0,0,0,0,0,2,30097,
vellum,17-05-2023,fd9741acf3baeb89101e32dbc252da040bb2040b,90,0,0,0,0,0,0,0,0,0,1,0,0,0,0,0,0,0,0,0,0,0,0,0,0,0,0,0,0,0,0,0,0,0,1,0,0,0,0,0,0,0,0,0,0,0,0,0,0,1,16897,
video.js,15-01-2012,23c219d0ceaf4ad8941204bfea96509ed489a8e0,31,6,0,0,0,0,0,0,0,0,0,0,0,0,0,0,0,0,0,0,0,0,0,0,0,1,0,0,0,0,0,0,0,0,0,0,0,0,0,0,0,0,0,0,0,0,0,0,0,2,5532,
video.js,12-06-2023,2b0df25df332dceaab375327887f0721ca8d21d0,210,62,0,2845,120,910,501,116,0,780,78,27,10,5,15,0,206,0,0,0,0,0,172,1,417,6,0,171,93,116,109,27,0,178,41,14,7,3,7,0,69,0,0,0,0,0,41,1,69,0,29999,
visualizer,07-11-2012,71adbcd1a0a113e2885b62e4b14faff51b35abac,106,24,0,0,0,0,0,0,0,0,0,0,0,0,0,0,0,0,0,0,0,0,0,0,0,5,0,0,0,0,0,0,0,0,0,0,0,0,0,0,0,0,0,0,0,0,0,0,0,0,26096,
visualizer,19-01-2023,5426552d7cb2427e21dfadcfc21a2a7b105d1560,287,40,46,369,6,268,289,0,0,0,13,2,14,8,7,0,611,0,0,0,0,0,75,1,213,13,9,35,6,25,27,0,0,0,5,2,4,2,4,0,48,0,0,0,0,0,12,1,18,10,26429,
w2ui,09-07-2012,4410e2c7d8d4384de534a5253c0b01d60b3ba69d,0,0,0,0,0,0,0,0,0,0,0,0,0,0,0,0,0,0,0,0,0,0,0,0,0,0,0,0,0,0,0,0,0,0,0,0,0,0,0,0,0,0,0,0,0,0,0,0,0,0,0,
w2ui,29-06-2023,605fff7e0d9098033a48db1e08b357af0c89880c,102,7,6,30,18,914,2785,13,0,72,18,1,37,7,14,190,456,201,0,0,1,0,602,0,96,3,3,3,13,44,32,13,0,22,7,1,8,3,4,11,21,13,0,0,1,0,39,0,22,3,25624,
wdntemplates,10-01-2012,857081f140676cc1439a3a6860ef97e7aff1c927,74,46,0,0,0,0,0,0,0,0,0,0,0,0,0,0,0,0,0,0,0,0,0,0,0,9,0,0,0,0,0,0,0,0,0,0,0,0,0,0,0,0,0,0,0,0,0,0,0,0,38448,
wdntemplates,22-06-2023,ff7acec66f1d53f9b95a67d89efd0826317cb662,69,11,7,91,2,40,129,0,0,0,7,0,2,0,1,0,33,0,0,0,0,0,3,0,0,6,1,22,1,18,12,0,0,0,3,0,1,0,1,0,7,0,0,0,0,0,2,0,0,0,42892,
webappdirac,19-10-2012,da454c14a8777b092ff60dea48ac44e96231ad45,0,0,0,0,0,0,0,0,0,0,0,0,0,0,0,0,0,0,0,0,0,0,0,0,0,0,0,0,0,0,0,0,0,0,0,0,0,0,0,0,0,0,0,0,0,0,0,0,0,0,0,
webappdirac,19-06-2023,18a02022822b8189725dd497376b2434e5255bc3,87,1,0,1,0,8,0,0,0,0,0,0,7,0,0,0,0,0,0,0,0,0,0,0,0,1,0,1,0,1,0,0,0,0,0,0,3,0,0,0,0,0,0,0,0,0,0,0,0,0,17187,
webgme,23-03-2012,c38cf926d53aaed08e671bd4f34e3bad69ce52d6,24,8,0,0,0,0,0,0,0,0,0,0,0,0,0,0,0,0,0,0,0,0,0,0,0,1,0,0,0,0,0,0,0,0,0,0,0,0,0,0,0,0,0,0,0,0,0,0,0,0,12045,
webgme,11-04-2023,ece0f4b740376c560e3ada25cbef0b84cb9cef99,279,1,0,10,0,6,0,0,0,0,0,0,0,0,0,0,0,0,0,0,0,0,0,0,0,1,0,3,0,2,0,0,0,0,0,0,0,0,0,0,0,0,0,0,0,0,0,0,0,0,38743,
webpack-dev-middleware,08-08-2012,120dd0158250d477a0bdbe776ebeee790808d6b5,1,0,0,0,0,0,0,0,0,0,0,0,0,0,0,0,0,0,0,0,0,0,0,0,0,0,0,0,0,0,0,0,0,0,0,0,0,0,0,0,0,0,0,0,0,0,0,0,0,0,49,
webpack-dev-middleware,22-06-2023,034797863fc414d7c30cfc2b883a2f082436e1ec,61,155,157,428,0,715,184,0,0,52,5,2,43,4,25,0,55,0,0,0,0,0,65,2,9,3,2,49,0,27,15,0,0,11,2,2,5,4,9,0,10,0,0,0,0,0,12,2,8,1,3999,
webpack,09-04-2012,1d1f3975d01d5c7bd7aa6506e3297fb6776237b1,53,1,0,0,0,0,0,0,0,0,0,0,0,0,0,0,0,0,0,0,0,0,0,0,0,1,0,0,0,0,0,0,0,0,0,0,0,0,0,0,0,0,0,0,0,0,0,0,0,1,1174,
webpack,28-06-2023,6be4065ade1e252c1d8dcba4af0f43e32af1bdc1,5441,295,508,6839,144,3412,1375,1769,4,2668,195,15,139,12,211,23,711,10,0,13,0,27,659,16,146,53,55,329,48,255,119,271,3,216,44,7,21,3,79,1,116,1,0,3,0,2,106,5,27,205,51317,
wegas,26-01-2012,bf22ea581e249a792540f079d81cb06c518dc12a,37,0,0,0,0,0,0,0,0,0,0,0,0,0,0,0,0,0,0,0,0,0,0,0,0,0,0,0,0,0,0,0,0,0,0,0,0,0,0,0,0,0,0,0,0,0,0,0,0,0,3216,
wegas,09-06-2023,25d14fa513ead8f581388f25cf2d6c076f86f457,265,16,0,43,0,30,1,5,0,8,1,2,3,0,1,0,9,0,0,0,0,0,1,0,1,4,0,7,0,6,1,1,0,3,1,1,2,0,1,0,2,0,0,0,0,0,1,0,1,29,42252,
winston,23-01-2012,11775454fd50e62a14b6369311699a6208ba4b0e,21,0,0,0,0,0,0,0,0,0,0,0,0,0,0,0,0,0,0,0,0,0,0,0,0,0,0,0,0,0,0,0,0,0,0,0,0,0,0,0,0,0,0,0,0,0,0,0,0,0,454,
winston,28-06-2023,fcc69eca84e299d158872c2cac0871f4898a3a96,63,0,0,306,1,67,30,0,0,0,3,1,0,0,26,0,20,0,0,0,0,0,59,5,2,0,0,59,1,18,9,0,0,0,3,1,0,0,23,0,10,0,0,0,0,0,28,4,2,1,1561,
wolnelektury,05-01-2012,124258c72bb9e69e6336de195f3a3b3e74509b95,40,10,0,0,0,0,0,0,0,0,0,0,0,0,0,0,0,0,0,0,0,0,0,0,0,4,0,0,0,0,0,0,0,0,0,0,0,0,0,0,0,0,0,0,0,0,0,0,0,0,9070,
wolnelektury,29-06-2023,cafca91e28661f24abbcda91c733de7e77d16e86,67,9,0,1,0,10,82,1,0,0,4,0,2,2,0,0,0,0,0,0,0,0,0,0,0,3,0,1,0,3,6,1,0,0,2,0,2,1,0,0,0,0,0,0,0,0,0,0,0,1,34638,
wordpress-seo,16-11-2012,369ae0def3370f8ea4761c8033b2674e8b043045,5,0,0,0,0,0,0,0,0,0,0,0,0,0,0,0,0,0,0,0,0,0,0,0,0,0,0,0,0,0,0,0,0,0,0,0,0,0,0,0,0,0,0,0,0,0,0,0,0,0,1197,
wordpress-seo,29-06-2023,2133c30fe604f40267602f5ab3164844af603bf9,114,16,18,346,1,57,22,44,0,85,18,0,20,0,19,0,85,0,0,0,0,0,92,3,6,8,6,42,1,17,11,14,0,20,10,0,10,0,8,0,13,0,0,0,0,0,22,3,4,48,1305,
wulin_master,21-01-2012,d6676138b61fee94ed5f9ffd2bc92637dd3861a5,28,0,0,0,0,0,0,0,0,0,0,0,0,0,0,0,0,0,0,0,0,0,0,0,0,0,0,0,0,0,0,0,0,0,0,0,0,0,0,0,0,0,0,0,0,0,0,0,0,0,5219,
wulin_master,22-06-2023,5d43bf2eaf87817cd573e8fb4abeea58d807f40e,86,6,0,86,0,78,174,0,0,0,3,1,2,12,9,0,64,0,0,0,0,0,49,0,0,3,0,14,0,18,13,0,0,0,3,1,2,5,5,0,15,0,0,0,0,0,12,0,0,0,22785,
yelp,14-01-2012,bca12782a0288e9d360bb6244047c19eb163d912,0,0,0,0,0,0,0,0,0,0,0,0,0,0,0,0,0,0,0,0,0,0,0,0,0,0,0,0,0,0,0,0,0,0,0,0,0,0,0,0,0,0,0,0,0,0,0,0,0,0,0,
yelp,07-04-2023,a3e45674c5d2f18c1b028180800e0aa74a16c89e,317,2,0,0,0,0,0,0,0,0,0,0,0,0,0,0,0,0,0,0,0,0,0,0,0,1,0,0,0,0,0,0,0,0,0,0,0,0,0,0,0,0,0,0,0,0,0,0,0,0,23856,
zip.js,07-01-2012,988f43b0a3e23eb2137a36c89aaf7614a887942c,7,0,0,0,0,0,0,0,0,0,0,0,0,0,0,0,0,0,0,0,0,0,0,0,0,0,0,0,0,0,0,0,0,0,0,0,0,0,0,0,0,0,0,0,0,0,0,0,0,0,3844,
zip.js,23-06-2023,c7967c4842153dc256c0713e2c6981b5fa535cf5,72,66,276,403,4,50,27,48,2,88,0,0,2,3,2,0,0,0,0,0,0,0,17,0,2,48,48,55,3,25,20,46,2,55,0,0,2,2,2,0,0,0,0,0,0,0,8,0,1,14,1430,
zotero-connectors,30-01-2012,b7d92952ec0c4915bc3112d625babcc6a913500b,35,0,0,21,0,0,0,0,0,0,0,0,0,0,0,0,0,0,0,0,0,0,0,0,0,0,0,7,0,0,0,0,0,0,0,0,0,0,0,0,0,0,0,0,0,0,0,0,0,0,4602,
zotero-connectors,27-06-2023,cf25c9e4838183de593677042eb674bfc4c12236,70,219,323,190,8,193,471,0,35,0,46,15,28,15,9,1,162,0,0,0,0,0,105,3,13,41,38,31,5,37,49,0,6,0,20,8,11,8,3,1,35,0,0,0,0,0,20,1,2,2,8399,
